scanname Analyse039
timestamp 2017-02-10 20:49:59
ccdbias 899.517090
ccdgain 3.473401
sigmaread 8.960639
laserwavenum -0.806596
wavenumcorrection -0.283632
scancount 1
totalexposurems 10000
singleexposurems 10000
measurementstate Unknown
scanmode Manual
snr 92.266945 1.043602 0.591075
replacelist 1
671 19725.000000 9828.000000
peaks 8
388.074371 0.244499 0.000000 0.196239 0.000010
809.581055 0.212248 0.000000 0.057063 0.000027
878.556885 0.204720 0.000000 0.208006 0.000037
936.654541 0.193560 0.000000 0.136455 0.000014
1313.690186 0.174404 0.000000 5.908186 0.000817
1335.159790 0.175401 0.000000 4.677927 0.000693
1459.354370 0.154380 0.000000 0.069917 0.000031
2327.307617 0.068749 0.000000 0.137216 0.000139
finalresult GLS_Single 1
A6025	2-Nitrothiophene	5.216273e-002
spectrum 2048
-96.794861 45673.000000
-94.167992 45673.000000
-91.542999 46210.000000
-88.919899 46138.000000
-86.298668 47025.000000
-83.679337 46714.000000
-81.061867 47002.000000
-78.446274 46837.000000
-75.832558 47076.000000
-73.220718 47414.000000
-70.610741 47232.000000
-68.002647 47380.000000
-65.396400 47379.000000
-62.792030 47455.000000
-60.189522 47367.000000
-57.588867 47819.000000
-54.990074 47216.000000
-52.393139 46551.000000
-49.798058 46934.000000
-47.204830 46963.000000
-44.613453 47230.000000
-42.023922 46723.000000
-39.436234 47526.000000
-36.850395 47447.000000
-34.266399 46923.000000
-31.684238 47671.000000
-29.103926 47042.000000
-26.525440 47601.000000
-23.948797 47211.000000
-21.373980 46991.000000
-18.801003 46767.000000
-16.229845 46843.000000
-13.660522 46354.000000
-11.093024 45393.000000
-8.527345 46809.000000
-5.963490 46622.000000
-3.401450 47003.000000
-0.841234 47132.000000
1.717174 46647.000000
4.273761 45698.000000
6.828543 45837.000000
9.381508 46187.000000
11.932673 45055.000000
14.482024 44741.000000
17.029581 44000.000000
19.575325 44243.000000
22.119276 43682.000000
24.661423 41186.000000
27.201773 38790.000000
29.740337 35397.000000
32.277103 31285.000000
34.812069 22740.000000
37.345257 13320.000000
39.876663 8740.000000
42.406277 8197.000000
44.934093 7695.000000
47.460152 6945.000000
49.984421 6043.000000
52.506920 5180.000000
55.027622 4918.000000
57.546570 5247.000000
60.063744 6301.000000
62.579140 7574.000000
65.092758 8156.000000
67.604622 8305.000000
70.114738 6599.000000
72.623062 4243.000000
75.129631 3432.000000
77.634453 2812.000000
80.137520 2323.000000
82.638809 2201.000000
85.138359 2030.000000
87.636154 1897.000000
90.132217 2233.000000
92.626503 2653.000000
95.119049 2962.000000
97.609879 2755.000000
100.098938 2525.000000
102.586250 1918.000000
105.071838 1602.000000
107.555687 1476.000000
110.037788 1363.000000
112.518166 1341.000000
114.996819 1180.000000
117.473747 1215.000000
119.948921 1084.000000
122.422386 1053.000000
124.894119 1109.000000
127.364143 1092.000000
129.832413 1154.000000
132.299011 1176.000000
134.763855 1253.000000
137.227005 1314.000000
139.688416 1468.000000
142.148132 1548.000000
144.606125 1811.000000
147.062424 2078.000000
149.517014 2551.000000
151.969879 2948.000000
154.421066 3397.000000
156.870560 4079.000000
159.318329 4809.000000
161.764389 5430.000000
164.208771 6201.000000
166.651474 6679.000000
169.092484 7238.000000
171.531784 7642.000000
173.969376 7948.000000
176.405334 8310.000000
178.839554 8325.000000
181.272095 8396.000000
183.702988 8427.000000
186.132156 8436.000000
188.559677 8536.000000
190.985519 8463.000000
193.409683 8608.000000
195.832184 8659.000000
198.252991 8841.000000
200.672134 9068.000000
203.089615 9381.000000
205.505402 9604.000000
207.919540 10034.000000
210.332047 10410.000000
212.742874 10996.000000
215.152023 11847.000000
217.559540 12541.000000
219.965347 13305.000000
222.369568 13903.000000
224.772079 14396.000000
227.172974 15078.000000
229.572220 15505.000000
231.969803 15858.000000
234.365723 15910.000000
236.760025 15975.000000
239.152664 16271.000000
241.543686 16062.000000
243.933044 16152.000000
246.320786 16227.000000
248.706879 16306.000000
251.091339 16247.000000
253.474152 16305.000000
255.855392 16245.000000
258.234924 16282.000000
260.612885 16315.000000
262.989166 16194.000000
265.363892 16218.000000
267.736969 16161.000000
270.108398 16256.000000
272.478180 16246.000000
274.846405 16088.000000
277.212982 16227.000000
279.577972 16157.000000
281.941345 16201.000000
284.303070 16287.000000
286.663208 16131.000000
289.021729 16082.000000
291.378662 16113.000000
293.733978 16131.000000
296.087708 16131.000000
298.439789 15894.000000
300.790314 15919.000000
303.139252 15915.000000
305.486542 16049.000000
307.832306 15881.000000
310.176392 15824.000000
312.518951 15698.000000
314.859894 15714.000000
317.199219 15782.000000
319.536987 15767.000000
321.873199 15592.000000
324.207764 15624.000000
326.540771 15796.000000
328.872223 15680.000000
331.202087 15482.000000
333.530365 15608.000000
335.857025 15533.000000
338.182190 15559.000000
340.505737 15621.000000
342.827728 15540.000000
345.148163 15320.000000
347.466980 15241.000000
349.784241 15187.000000
352.099976 15343.000000
354.414124 15336.000000
356.726685 15409.000000
359.037689 15322.000000
361.347168 15293.000000
363.655121 15310.000000
365.961456 15537.000000
368.266205 15417.000000
370.569489 15276.000000
372.871155 15317.000000
375.171326 15367.000000
377.469940 15399.000000
379.766998 15481.000000
382.062500 15553.000000
384.356476 15461.000000
386.648865 15487.000000
388.939758 15575.000000
391.229126 15709.000000
393.516907 15774.000000
395.803162 15706.000000
398.087921 15666.000000
400.371063 15898.000000
402.652771 15818.000000
404.932953 15773.000000
407.211548 15659.000000
409.488617 15511.000000
411.764160 15543.000000
414.038177 15628.000000
416.310760 15603.000000
418.581726 15538.000000
420.851196 15498.000000
423.119171 15322.000000
425.385590 15435.000000
427.650513 15162.000000
429.913971 15271.000000
432.175842 15228.000000
434.436249 15309.000000
436.695099 15190.000000
438.952484 15245.000000
441.208374 15186.000000
443.462769 14941.000000
445.715637 14998.000000
447.966949 14833.000000
450.216858 14963.000000
452.465179 14712.000000
454.712067 14757.000000
456.957489 14699.000000
459.201355 14618.000000
461.443726 14586.000000
463.684601 14752.000000
465.924072 14685.000000
468.161957 14755.000000
470.398407 14572.000000
472.633331 14444.000000
474.866791 14469.000000
477.098816 14342.000000
479.329315 14422.000000
481.558319 14348.000000
483.785858 14308.000000
486.011902 14343.000000
488.236511 14444.000000
490.459656 14247.000000
492.681335 14469.000000
494.901459 14343.000000
497.120178 14487.000000
499.337402 14476.000000
501.553253 14453.000000
503.767487 14430.000000
505.980408 14327.000000
508.191742 14435.000000
510.401642 14499.000000
512.610107 14542.000000
514.817200 14513.000000
517.022705 14495.000000
519.226807 14478.000000
521.429382 14374.000000
523.630554 14356.000000
525.830383 14302.000000
528.028687 14286.000000
530.225464 14301.000000
532.420898 14220.000000
534.614807 14224.000000
536.807373 14079.000000
538.998413 14160.000000
541.188049 14061.000000
543.376282 14137.000000
545.562988 14003.000000
547.748230 14010.000000
549.932190 13624.000000
552.114563 13530.000000
554.295593 13662.000000
556.475098 13467.000000
558.653320 13484.000000
560.830017 13347.000000
563.005310 13496.000000
565.179199 13265.000000
567.351624 13251.000000
569.522644 13293.000000
571.692200 13326.000000
573.860474 13423.000000
576.027222 13329.000000
578.192505 13426.000000
580.356384 13369.000000
582.518982 13475.000000
584.680054 13383.000000
586.839722 13527.000000
588.998047 13521.000000
591.154846 13498.000000
593.310303 13407.000000
595.464355 13466.000000
597.617065 13513.000000
599.768250 13366.000000
601.918091 13608.000000
604.066589 13503.000000
606.213501 13404.000000
608.359192 13402.000000
610.503479 13424.000000
612.646301 13408.000000
614.787659 13475.000000
616.927795 13520.000000
619.066406 13263.000000
621.203735 13524.000000
623.339600 13373.000000
625.474060 13213.000000
627.607056 13231.000000
629.738892 13170.000000
631.869263 13083.000000
633.998230 13166.000000
636.125732 12891.000000
638.251953 12886.000000
640.376648 12833.000000
642.500122 12734.000000
644.622253 12780.000000
646.742920 12394.000000
648.862244 12524.000000
650.980164 12561.000000
653.096741 12580.000000
655.211914 12736.000000
657.325745 12324.000000
659.438110 12432.000000
661.549255 12442.000000
663.658997 12364.000000
665.767273 12508.000000
667.874390 12441.000000
669.980042 12220.000000
672.084229 12335.000000
674.187195 12325.000000
676.288757 12279.000000
678.388977 12418.000000
680.487793 12456.000000
682.585266 12667.000000
684.681458 12517.000000
686.776184 12582.000000
688.869690 12644.000000
690.961853 12409.000000
693.052490 12613.000000
695.141907 12766.000000
697.230042 12617.000000
699.316711 12675.000000
701.402161 12574.000000
703.486084 12710.000000
705.568787 12545.000000
707.650208 12502.000000
709.730164 12206.000000
711.808899 11887.000000
713.886169 11916.000000
715.962158 12046.000000
718.036865 11951.000000
720.110291 11965.000000
722.182190 12278.000000
724.252930 12100.000000
726.322327 11980.000000
728.390320 11777.000000
730.456970 11894.000000
732.522400 11732.000000
734.586487 11836.000000
736.649231 11627.000000
738.710632 11566.000000
740.770752 11524.000000
742.829468 11540.000000
744.886963 11367.000000
746.943176 11542.000000
748.997986 11271.000000
751.051514 11332.000000
753.103638 11392.000000
755.154541 11247.000000
757.204224 11257.000000
759.252441 11198.000000
761.299438 11305.000000
763.345154 11120.000000
765.389465 11110.000000
767.432495 11253.000000
769.474304 10777.000000
771.514771 11123.000000
773.553833 11095.000000
775.591736 11245.000000
777.628296 11319.000000
779.663635 11270.000000
781.697632 11367.000000
783.730225 11361.000000
785.761658 11446.000000
787.791687 11210.000000
789.820435 11335.000000
791.848022 11434.000000
793.874268 11486.000000
795.899109 11556.000000
797.922852 11592.000000
799.945190 11585.000000
801.966309 11584.000000
803.986084 11544.000000
806.004578 11872.000000
808.021851 11637.000000
810.037720 11842.000000
812.052429 11659.000000
814.065796 11531.000000
816.077942 11428.000000
818.088867 11358.000000
820.098450 11124.000000
822.106812 11181.000000
824.113770 11025.000000
826.119507 11003.000000
828.124023 10968.000000
830.127258 10775.000000
832.129211 10846.000000
834.129883 10743.000000
836.129333 10623.000000
838.127441 10720.000000
840.124451 10810.000000
842.120056 10781.000000
844.114502 10750.000000
846.107605 10578.000000
848.099487 10491.000000
850.090027 10407.000000
852.079285 10314.000000
854.067505 10369.000000
856.054321 10257.000000
858.039917 10265.000000
860.024231 10165.000000
862.007446 10244.000000
863.989258 10206.000000
865.969849 10143.000000
867.949158 9958.000000
869.927307 10102.000000
871.904114 10256.000000
873.879639 10185.000000
875.854126 10503.000000
877.827148 10680.000000
879.799133 10728.000000
881.769775 10547.000000
883.739258 10527.000000
885.707397 10569.000000
887.674377 10579.000000
889.640015 10555.000000
891.604492 10490.000000
893.567749 10377.000000
895.529785 10331.000000
897.490540 10347.000000
899.450073 10434.000000
901.408325 10231.000000
903.365479 10138.000000
905.321472 10339.000000
907.276062 10190.000000
909.229431 10115.000000
911.181641 9993.000000
913.132629 10128.000000
915.082336 9758.000000
917.030884 9821.000000
918.978210 9910.000000
920.924255 9658.000000
922.869019 9672.000000
924.812744 9379.000000
926.755310 9410.000000
928.696594 9176.000000
930.636536 9240.000000
932.575378 9165.000000
934.512939 9163.000000
936.449280 9167.000000
938.384460 9104.000000
940.318359 9107.000000
942.251160 9106.000000
944.182739 9153.000000
946.113159 9178.000000
948.042358 9096.000000
949.970215 9030.000000
951.897034 9108.000000
953.822571 8999.000000
955.746826 9092.000000
957.669983 9073.000000
959.591980 9136.000000
961.512695 9196.000000
963.432251 9233.000000
965.350647 9403.000000
967.268005 9298.000000
969.183899 9447.000000
971.098694 9359.000000
973.012268 9299.000000
974.924683 9381.000000
976.835876 9317.000000
978.745911 9455.000000
980.654663 9398.000000
982.562378 9374.000000
984.468872 9218.000000
986.374146 9182.000000
988.278320 9185.000000
990.181274 9188.000000
992.083008 9183.000000
993.983582 8953.000000
995.882996 9140.000000
997.781189 9017.000000
999.678223 8983.000000
1001.574036 8705.000000
1003.468689 8621.000000
1005.362244 8564.000000
1007.254517 8531.000000
1009.145874 8541.000000
1011.035889 8551.000000
1012.924683 8282.000000
1014.812317 8509.000000
1016.698792 8254.000000
1018.584106 8299.000000
1020.468262 8390.000000
1022.351196 8329.000000
1024.233154 8270.000000
1026.113770 8273.000000
1027.993286 8273.000000
1029.871826 8436.000000
1031.749023 8405.000000
1033.624878 8207.000000
1035.499756 8297.000000
1037.373657 8287.000000
1039.246094 8248.000000
1041.117554 8166.000000
1042.987671 8241.000000
1044.856812 8265.000000
1046.724731 8199.000000
1048.591553 8204.000000
1050.457275 8368.000000
1052.321777 8309.000000
1054.185181 8491.000000
1056.047241 8417.000000
1057.908325 8416.000000
1059.768311 8411.000000
1061.626953 8258.000000
1063.484497 8406.000000
1065.340942 8366.000000
1067.196289 8484.000000
1069.050415 8415.000000
1070.903687 8312.000000
1072.755493 8439.000000
1074.606323 8292.000000
1076.455933 8252.000000
1078.304321 8310.000000
1080.151855 8181.000000
1081.998047 8251.000000
1083.843018 8205.000000
1085.687134 8369.000000
1087.529907 8207.000000
1089.371460 8290.000000
1091.212280 8126.000000
1093.051514 8006.000000
1094.890015 8042.000000
1096.727173 8050.000000
1098.563110 7961.000000
1100.398071 7811.000000
1102.231812 7625.000000
1104.064575 7667.000000
1105.895996 7612.000000
1107.726563 7865.000000
1109.555786 7717.000000
1111.384033 7434.000000
1113.211060 7343.000000
1115.037109 7380.000000
1116.861938 7330.000000
1118.685669 7298.000000
1120.508179 7296.000000
1122.329590 7286.000000
1124.150146 7356.000000
1125.969238 7321.000000
1127.787476 7307.000000
1129.604370 7463.000000
1131.420410 7348.000000
1133.235229 7408.000000
1135.048950 7563.000000
1136.861572 7614.000000
1138.672974 7526.000000
1140.483398 7683.000000
1142.292725 7616.000000
1144.100708 7649.000000
1145.907959 7804.000000
1147.713745 7661.000000
1149.518677 7718.000000
1151.322510 7608.000000
1153.125122 7766.000000
1154.926880 7835.000000
1156.727173 7746.000000
1158.526489 7595.000000
1160.324829 7537.000000
1162.121826 7588.000000
1163.918091 7579.000000
1165.713013 7549.000000
1167.506836 7414.000000
1169.299805 7349.000000
1171.091431 7276.000000
1172.882080 7301.000000
1174.671753 7166.000000
1176.459961 7152.000000
1178.247314 7113.000000
1180.033569 7109.000000
1181.818726 7186.000000
1183.602783 7133.000000
1185.385742 6916.000000
1187.167725 7082.000000
1188.948486 7038.000000
1190.728271 7020.000000
1192.506958 7097.000000
1194.284668 7020.000000
1196.061157 6924.000000
1197.836548 6901.000000
1199.610840 6817.000000
1201.384033 6662.000000
1203.156372 6660.000000
1204.927368 6540.000000
1206.697510 6698.000000
1208.466431 6601.000000
1210.234253 6597.000000
1212.001221 6560.000000
1213.766846 6548.000000
1215.531494 6581.000000
1217.295044 6707.000000
1219.057495 6590.000000
1220.819092 6529.000000
1222.579468 6556.000000
1224.338745 6571.000000
1226.097168 6485.000000
1227.854370 6555.000000
1229.610474 6653.000000
1231.365479 6673.000000
1233.119629 6655.000000
1234.872437 6587.000000
1236.624268 6654.000000
1238.375244 6689.000000
1240.124878 6689.000000
1241.873657 6661.000000
1243.621094 6730.000000
1245.367798 6755.000000
1247.113281 6611.000000
1248.857910 6646.000000
1250.601196 6755.000000
1252.343506 6564.000000
1254.084717 6609.000000
1255.825073 6533.000000
1257.564331 6464.000000
1259.302368 6362.000000
1261.039551 6248.000000
1262.775513 6310.000000
1264.510498 6337.000000
1266.244507 6492.000000
1267.977539 6551.000000
1269.709351 6648.000000
1271.440186 6655.000000
1273.169800 6630.000000
1274.898560 6781.000000
1276.626221 6598.000000
1278.352783 6681.000000
1280.078491 6765.000000
1281.802856 6589.000000
1283.526367 6670.000000
1285.248901 6516.000000
1286.970459 6553.000000
1288.690796 6471.000000
1290.410156 6427.000000
1292.128418 6421.000000
1293.845703 6592.000000
1295.562012 6565.000000
1297.277100 6534.000000
1298.991211 6437.000000
1300.704346 6463.000000
1302.416626 6304.000000
1304.127686 6215.000000
1305.837769 6267.000000
1307.546753 6157.000000
1309.254517 6139.000000
1310.961670 6216.000000
1312.667358 6265.000000
1314.372314 6150.000000
1316.076294 6174.000000
1317.779053 6246.000000
1319.480835 6436.000000
1321.181763 6427.000000
1322.881348 4132.000000
1324.580078 1837.000000
1326.278076 6059.000000
1327.974731 6009.000000
1329.670288 6074.000000
1331.364990 5966.000000
1333.058472 5970.000000
1334.751099 5957.000000
1336.442871 5834.000000
1338.133301 5875.000000
1339.822998 5921.000000
1341.511597 5925.000000
1343.199097 5746.000000
1344.885620 5805.000000
1346.571045 5754.000000
1348.255493 5735.000000
1349.939087 5694.000000
1351.621460 5809.000000
1353.302856 5955.000000
1354.983398 5885.000000
1356.662720 5945.000000
1358.341431 6025.000000
1360.018799 6037.000000
1361.695068 6133.000000
1363.370361 6058.000000
1365.044922 6074.000000
1366.718262 5982.000000
1368.390625 6173.000000
1370.062012 6113.000000
1371.732422 6016.000000
1373.401733 5857.000000
1375.070068 6055.000000
1376.737549 6077.000000
1378.403931 6061.000000
1380.069336 5920.000000
1381.733765 5870.000000
1383.396973 5782.000000
1385.059570 5726.000000
1386.720825 5761.000000
1388.381226 5716.000000
1390.040527 5659.000000
1391.698853 5717.000000
1393.356445 5751.000000
1395.012817 5606.000000
1396.668335 5616.000000
1398.322632 5710.000000
1399.976074 5621.000000
1401.628418 5653.000000
1403.280029 5691.000000
1404.930420 5619.000000
1406.579712 5521.000000
1408.228271 5379.000000
1409.875732 5422.000000
1411.522217 5218.000000
1413.167847 5335.000000
1414.812500 5167.000000
1416.455933 5323.000000
1418.098511 5264.000000
1419.739990 5224.000000
1421.380615 5115.000000
1423.020264 5206.000000
1424.658813 5178.000000
1426.296509 5079.000000
1427.933105 5135.000000
1429.568726 5022.000000
1431.203613 5064.000000
1432.837402 5008.000000
1434.470093 5115.000000
1436.101807 5086.000000
1437.732666 5032.000000
1439.362427 5113.000000
1440.991089 5085.000000
1442.619141 5051.000000
1444.246094 5100.000000
1445.871826 5144.000000
1447.496948 5110.000000
1449.120972 5041.000000
1450.744019 5094.000000
1452.366089 5252.000000
1453.987061 5140.000000
1455.607056 5223.000000
1457.226318 5249.000000
1458.844238 5288.000000
1460.461548 5085.000000
1462.077881 5224.000000
1463.692993 5222.000000
1465.307251 5083.000000
1466.920654 5189.000000
1468.532959 5325.000000
1470.144409 5095.000000
1471.755005 5133.000000
1473.364380 5107.000000
1474.972778 5122.000000
1476.580322 5041.000000
1478.186890 5081.000000
1479.792725 5129.000000
1481.397339 5074.000000
1483.001099 5064.000000
1484.603638 4623.000000
1486.205566 4734.000000
1487.806274 4642.000000
1489.406250 4624.000000
1491.005127 4692.000000
1492.603149 4630.000000
1494.200073 4620.000000
1495.796143 4941.000000
1497.391235 4971.000000
1498.985352 5068.000000
1500.578735 5044.000000
1502.171021 4885.000000
1503.762085 4962.000000
1505.352661 4931.000000
1506.941895 4776.000000
1508.530518 4643.000000
1510.118042 4682.000000
1511.704468 4669.000000
1513.290161 4666.000000
1514.874756 4676.000000
1516.458496 4610.000000
1518.041138 4621.000000
1519.623047 4629.000000
1521.203857 4616.000000
1522.783936 4555.000000
1524.362793 4596.000000
1525.940796 4494.000000
1527.518066 4527.000000
1529.094116 4480.000000
1530.669434 4390.000000
1532.243652 4397.000000
1533.817139 4444.000000
1535.389404 4389.000000
1536.960938 4376.000000
1538.531494 4508.000000
1540.101196 4289.000000
1541.669678 4295.000000
1543.237427 4206.000000
1544.804321 4356.000000
1546.369995 4223.000000
1547.934937 4313.000000
1549.498779 4286.000000
1551.062012 4360.000000
1552.623901 4317.000000
1554.185181 4366.000000
1555.745361 4274.000000
1557.304810 4260.000000
1558.863159 4139.000000
1560.420776 4230.000000
1561.977295 4083.000000
1563.532593 4205.000000
1565.087280 4160.000000
1566.641235 4254.000000
1568.194214 4201.000000
1569.745850 4150.000000
1571.296753 4201.000000
1572.846924 4141.000000
1574.396118 4209.000000
1575.943970 4211.000000
1577.491333 4257.000000
1579.037720 4114.000000
1580.583252 4166.000000
1582.127808 4203.000000
1583.671143 4218.000000
1585.213867 4043.000000
1586.755737 4168.000000
1588.296509 4112.000000
1589.836304 4221.000000
1591.375366 4155.000000
1592.913330 4134.000000
1594.450806 4019.000000
1595.986938 4187.000000
1597.521973 3945.000000
1599.056519 4045.000000
1600.590088 4152.000000
1602.122803 4074.000000
1603.653931 3957.000000
1605.184814 4078.000000
1606.714844 4097.000000
1608.243652 4009.000000
1609.771362 4045.000000
1611.298462 4070.000000
1612.824829 3972.000000
1614.350220 4070.000000
1615.874756 4065.000000
1617.397949 4106.000000
1618.920410 4044.000000
1620.442139 4036.000000
1621.963013 3960.000000
1623.482422 3817.000000
1625.001343 3964.000000
1626.519531 3948.000000
1628.036865 3940.000000
1629.553101 3931.000000
1631.067993 3954.000000
1632.582397 3903.000000
1634.096069 3904.000000
1635.608643 3829.000000
1637.119995 3846.000000
1638.630981 3916.000000
1640.140869 3969.000000
1641.649902 3787.000000
1643.157593 3830.000000
1644.664917 3752.000000
1646.171387 3772.000000
1647.676880 3669.000000
1649.181519 3734.000000
1650.684692 3748.000000
1652.187256 3707.000000
1653.689453 3749.000000
1655.190308 3766.000000
1656.690063 3645.000000
1658.188965 3607.000000
1659.687500 3610.000000
1661.184814 3594.000000
1662.681396 3595.000000
1664.176392 3614.000000
1665.671143 3462.000000
1667.165039 3616.000000
1668.657959 3556.000000
1670.149536 3543.000000
1671.640625 3472.000000
1673.131104 3439.000000
1674.620483 3373.000000
1676.108398 3484.000000
1677.596069 3474.000000
1679.082764 3480.000000
1680.568604 3538.000000
1682.053589 3366.000000
1683.537109 3372.000000
1685.020386 3449.000000
1686.502808 3316.000000
1687.984131 3384.000000
1689.463989 3344.000000
1690.943604 3235.000000
1692.422485 3270.000000
1693.900391 3079.000000
1695.377319 3284.000000
1696.853027 3296.000000
1698.328369 3195.000000
1699.802490 3271.000000
1701.276001 3318.000000
1702.748047 3255.000000
1704.219849 3327.000000
1705.690674 3302.000000
1707.160645 3350.000000
1708.629272 3303.000000
1710.097412 3379.000000
1711.564819 3297.000000
1713.031128 3307.000000
1714.496826 3401.000000
1715.960815 3319.000000
1717.424683 3251.000000
1718.887695 3231.000000
1720.349731 3379.000000
1721.810547 3298.000000
1723.270752 3201.000000
1724.730225 3369.000000
1726.188843 3342.000000
1727.646484 3222.000000
1729.102783 3157.000000
1730.558838 3239.000000
1732.013916 3190.000000
1733.468018 3181.000000
1734.920898 3248.000000
1736.373535 3213.000000
1737.825073 3219.000000
1739.275879 3147.000000
1740.725708 3210.000000
1742.174194 3171.000000
1743.622314 3143.000000
1745.069580 3121.000000
1746.516113 3178.000000
1747.961060 3104.000000
1749.405762 3286.000000
1750.849609 2981.000000
1752.292603 3061.000000
1753.734131 3041.000000
1755.175415 3088.000000
1756.615845 2888.000000
1758.055298 3027.000000
1759.493774 3015.000000
1760.931274 2951.000000
1762.368286 2971.000000
1763.804321 3009.000000
1765.239502 3050.000000
1766.673218 3018.000000
1768.106812 3067.000000
1769.539429 3051.000000
1770.971191 2950.000000
1772.402100 3092.000000
1773.831787 2992.000000
1775.260742 2863.000000
1776.689209 2926.000000
1778.116699 2683.000000
1779.542847 2628.000000
1780.968750 2677.000000
1782.393555 2755.000000
1783.817749 2892.000000
1785.240479 2799.000000
1786.662720 2884.000000
1788.084229 2727.000000
1789.505005 2882.000000
1790.924805 2732.000000
1792.343262 2781.000000
1793.761230 2725.000000
1795.178589 2751.000000
1796.595093 2748.000000
1798.010132 2736.000000
1799.424805 2718.000000
1800.838867 2774.000000
1802.251709 2698.000000
1803.663940 2717.000000
1805.074829 2659.000000
1806.485229 2672.000000
1807.894897 2615.000000
1809.303589 2551.000000
1810.711182 2649.000000
1812.118286 2687.000000
1813.524536 2796.000000
1814.929810 2761.000000
1816.333984 2674.000000
1817.737793 2687.000000
1819.140625 2663.000000
1820.542603 2685.000000
1821.943970 2685.000000
1823.343872 2704.000000
1824.743164 2623.000000
1826.141968 2629.000000
1827.539917 2657.000000
1828.936523 2590.000000
1830.332520 2556.000000
1831.727783 2611.000000
1833.122437 2570.000000
1834.516113 2598.000000
1835.908447 2543.000000
1837.300293 2616.000000
1838.691528 2613.000000
1840.081787 2608.000000
1841.470825 2600.000000
1842.859497 2578.000000
1844.247192 2571.000000
1845.634155 2565.000000
1847.019775 2513.000000
1848.405151 2571.000000
1849.789673 2628.000000
1851.173462 2531.000000
1852.556152 2590.000000
1853.937622 2467.000000
1855.318604 2522.000000
1856.699097 2501.000000
1858.078613 2467.000000
1859.456665 2541.000000
1860.834595 2394.000000
1862.211548 2480.000000
1863.587769 2383.000000
1864.963135 2422.000000
1866.337036 2401.000000
1867.710815 2447.000000
1869.083740 2352.000000
1870.455566 2286.000000
1871.826416 2241.000000
1873.196899 2299.000000
1874.566284 2330.000000
1875.935181 2353.000000
1877.302490 2405.000000
1878.669678 2317.000000
1880.035889 2258.000000
1881.401367 2316.000000
1882.766113 2162.000000
1884.129272 2158.000000
1885.492310 2215.000000
1886.854492 2268.000000
1888.215820 2227.000000
1889.575806 2321.000000
1890.935425 2235.000000
1892.294434 2254.000000
1893.652466 2212.000000
1895.009644 2127.000000
1896.365601 2238.000000
1897.721313 2179.000000
1899.076050 2221.000000
1900.429932 2183.000000
1901.782715 2262.000000
1903.135010 2127.000000
1904.486572 2097.000000
1905.837280 2165.000000
1907.186768 2270.000000
1908.535767 2163.000000
1909.883911 2254.000000
1911.231445 2157.000000
1912.578247 2206.000000
1913.923462 2268.000000
1915.268433 2225.000000
1916.612671 2228.000000
1917.956055 2206.000000
1919.298096 2244.000000
1920.639893 2232.000000
1921.980835 2171.000000
1923.321045 2227.000000
1924.660278 2213.000000
1925.998535 2027.000000
1927.336182 2203.000000
1928.673096 2202.000000
1930.009155 2073.000000
1931.343994 2218.000000
1932.678467 2083.000000
1934.012207 2126.000000
1935.345093 2112.000000
1936.676514 2174.000000
1938.008057 2075.000000
1939.338257 2021.000000
1940.667969 2136.000000
1941.996826 1988.000000
1943.324463 2025.000000
1944.651611 2049.000000
1945.978027 2086.000000
1947.303711 2049.000000
1948.628052 2020.000000
1949.952148 2062.000000
1951.275391 2013.000000
1952.597900 1996.000000
1953.919312 2026.000000
1955.239746 1920.000000
1956.559570 2001.000000
1957.879028 1941.000000
1959.197510 2025.000000
1960.514648 1960.000000
1961.831421 1959.000000
1963.147461 1962.000000
1964.462769 1950.000000
1965.776611 1894.000000
1967.090210 2020.000000
1968.403076 1998.000000
1969.715088 1920.000000
1971.026489 1985.000000
1972.336548 1943.000000
1973.646118 1852.000000
1974.954956 1829.000000
1976.263184 1772.000000
1977.570068 1857.000000
1978.876343 1867.000000
1980.182251 1807.000000
1981.486938 1937.000000
1982.791138 1853.000000
1984.094116 1894.000000
1985.396729 1699.000000
1986.698364 1869.000000
1987.999390 1778.000000
1989.298828 1738.000000
1990.598389 1768.000000
1991.896851 1801.000000
1993.194824 1758.000000
1994.491211 1759.000000
1995.787598 1753.000000
1997.083008 1708.000000
1998.377686 1715.000000
1999.671509 1647.000000
2000.964111 1710.000000
2002.256226 1767.000000
2003.547852 1712.000000
2004.838745 1659.000000
2006.128052 1707.000000
2007.417114 1763.000000
2008.705444 1709.000000
2009.993042 1640.000000
2011.279785 1650.000000
2012.565430 1622.000000
2013.850708 1803.000000
2015.135010 1557.000000
2016.418701 1628.000000
2017.701050 1636.000000
2018.983032 1592.000000
2020.264526 1642.000000
2021.545044 1630.000000
2022.824829 1644.000000
2024.103516 1637.000000
2025.381470 1744.000000
2026.658936 1731.000000
2027.935791 1640.000000
2029.210938 1628.000000
2030.486206 1654.000000
2031.760498 1623.000000
2033.033813 1626.000000
2034.306274 1755.000000
2035.578369 1681.000000
2036.849365 1635.000000
2038.120117 1570.000000
2039.389526 1672.000000
2040.657837 1746.000000
2041.926147 1650.000000
2043.193481 1638.000000
2044.460083 1696.000000
2045.725464 1609.000000
2046.990234 1495.000000
2048.254639 1684.000000
2049.518066 1517.000000
2050.781006 1715.000000
2052.041992 1622.000000
2053.303467 1595.000000
2054.563721 1463.000000
2055.823242 1537.000000
2057.082031 1565.000000
2058.339844 1560.000000
2059.597168 1545.000000
2060.853760 1613.000000
2062.108887 1606.000000
2063.364014 1558.000000
2064.618164 1561.000000
2065.871582 1551.000000
2067.124268 1483.000000
2068.375732 1484.000000
2069.626953 1487.000000
2070.877441 1477.000000
2072.127197 1502.000000
2073.375488 1885.000000
2074.623779 1455.000000
2075.871094 1474.000000
2077.117676 1502.000000
2078.363525 1500.000000
2079.608154 1466.000000
2080.852295 1533.000000
2082.095947 1475.000000
2083.338623 1440.000000
2084.580078 1488.000000
2085.821289 1352.000000
2087.062012 1497.000000
2088.301758 1403.000000
2089.540283 1500.000000
2090.778320 1348.000000
2092.015625 1468.000000
2093.252686 1350.000000
2094.488281 1342.000000
2095.723145 1403.000000
2096.957764 1399.000000
2098.191406 1393.000000
2099.424072 1409.000000
2100.656006 1412.000000
2101.887451 1414.000000
2103.117920 1377.000000
2104.347656 1381.000000
2105.577148 1287.000000
2106.804688 1309.000000
2108.032471 1345.000000
2109.259521 1383.000000
2110.485596 1333.000000
2111.710205 1330.000000
2112.935059 1346.000000
2114.158691 1301.000000
2115.381836 1222.000000
2116.603760 1274.000000
2117.825439 1196.000000
2119.046143 1325.000000
2120.266113 1270.000000
2121.485596 1288.000000
2122.703613 1347.000000
2123.921631 1392.000000
2125.138672 1270.000000
2126.355225 1252.000000
2127.570068 1219.000000
2128.785156 1295.000000
2129.999268 1309.000000
2131.212646 1391.000000
2132.425293 1259.000000
2133.636475 1342.000000
2134.847900 1230.000000
2136.058105 1366.000000
2137.267822 1273.000000
2138.476074 1359.000000
2139.684326 1267.000000
2140.891846 1332.000000
2142.098145 1295.000000
2143.303711 1299.000000
2144.509033 1265.000000
2145.713379 1277.000000
2146.916992 1147.000000
2148.120117 1169.000000
2149.321777 1286.000000
2150.523193 1315.000000
2151.723877 1229.000000
2152.923828 1183.000000
2154.122559 1259.000000
2155.321045 1255.000000
2156.519043 1327.000000
2157.716064 1202.000000
2158.912354 1162.000000
2160.107422 1150.000000
2161.302246 1163.000000
2162.496338 1191.000000
2163.689453 1072.000000
2164.881592 1205.000000
2166.073486 1139.000000
2167.264648 1167.000000
2168.454834 1222.000000
2169.644287 1080.000000
2170.833252 1119.000000
2172.021240 1137.000000
2173.208984 1063.000000
2174.395264 1148.000000
2175.580811 1104.000000
2176.766113 1118.000000
2177.950928 1131.000000
2179.134521 1082.000000
2180.317383 1035.000000
2181.499268 1032.000000
2182.680908 1071.000000
2183.862061 1050.000000
2185.041992 1125.000000
2186.220947 1026.000000
2187.399414 1200.000000
2188.577637 985.000000
2189.754639 1112.000000
2190.930664 1007.000000
2192.106445 1144.000000
2193.281738 1040.000000
2194.455566 1050.000000
2195.628906 1021.000000
2196.802002 1111.000000
2197.973877 1116.000000
2199.145264 1113.000000
2200.316162 1168.000000
2201.485352 1021.000000
2202.654541 1042.000000
2203.823242 1036.000000
2204.990967 1097.000000
2206.157715 1044.000000
2207.323730 1013.000000
2208.489258 1001.000000
2209.654541 1085.000000
2210.818359 1019.000000
2211.981689 1052.000000
2213.143799 985.000000
2214.306152 1010.000000
2215.467285 1002.000000
2216.627441 977.000000
2217.787109 1039.000000
2218.946533 1062.000000
2220.104736 1060.000000
2221.261963 1053.000000
2222.418945 966.000000
2223.575195 1014.000000
2224.730713 1024.000000
2225.885498 1007.000000
2227.039307 902.000000
2228.192139 953.000000
2229.345459 919.000000
2230.496826 929.000000
2231.647949 1071.000000
2232.798340 1065.000000
2233.948242 1018.000000
2235.097168 969.000000
2236.245605 986.000000
2237.392578 1057.000000
2238.539795 830.000000
2239.685791 931.000000
2240.831543 1011.000000
2241.975586 933.000000
2243.119873 893.000000
2244.263184 845.000000
2245.405762 950.000000
2246.547363 874.000000
2247.688721 921.000000
2248.829102 1054.000000
2249.968750 791.000000
2251.107910 897.000000
2252.245850 900.000000
2253.383789 931.000000
2254.520752 812.000000
2255.656982 858.000000
2256.792236 778.000000
2257.926758 973.000000
2259.061035 839.000000
2260.194824 913.000000
2261.327148 884.000000
2262.458984 723.000000
2263.590332 766.000000
2264.720703 758.000000
2265.850830 874.000000
2266.979736 812.000000
2268.108154 863.000000
2269.236084 869.000000
2270.363037 781.000000
2271.489258 780.000000
2272.614502 840.000000
2273.739746 785.000000
2274.864258 794.000000
2275.987549 833.000000
2277.110107 911.000000
2278.232178 791.000000
2279.353760 874.000000
2280.474609 877.000000
2281.594238 946.000000
2282.713379 802.000000
2283.832275 815.000000
2284.950439 796.000000
2286.067627 775.000000
2287.183838 864.000000
2288.299805 679.000000
2289.415039 807.000000
2290.529541 699.000000
2291.642822 783.000000
2292.756104 795.000000
2293.868652 757.000000
2294.980469 755.000000
2296.091553 734.000000
2297.201416 758.000000
2298.310791 878.000000
2299.419922 782.000000
2300.528076 790.000000
2301.635254 771.000000
2302.742188 696.000000
2303.848389 709.000000
2304.954102 744.000000
2306.058350 789.000000
2307.162354 737.000000
2308.265869 745.000000
2309.368896 793.000000
2310.470703 783.000000
2311.571777 854.000000
2312.672363 707.000000
2313.772461 754.000000
2314.871826 718.000000
2315.969727 658.000000
2317.068115 711.000000
2318.165039 697.000000
2319.261719 823.000000
2320.357910 828.000000
2321.452393 772.000000
2322.546875 702.000000
2323.640625 786.000000
2324.734131 766.000000
2325.825928 796.000000
2326.917725 872.000000
2328.008789 852.000000
2329.099121 869.000000
2330.188477 900.000000
2331.277832 817.000000
2332.365967 845.000000
2333.453613 829.000000
2334.541016 750.000000
2335.626709 652.000000
2336.712158 638.000000
2337.797363 783.000000
2338.881592 718.000000
2339.964844 603.000000
2341.047852 675.000000
2342.129883 704.000000
2343.211670 703.000000
2344.292725 588.000000
2345.372559 645.000000
2346.451904 550.000000
2347.530762 632.000000
2348.609131 733.000000
2349.686035 728.000000
2350.762695 618.000000
2351.839111 597.000000
2352.914551 612.000000
2353.989014 750.000000
2355.063232 613.000000
2356.136719 595.000000
2357.209717 666.000000
2358.281494 532.000000
2359.353027 616.000000
2360.423584 687.000000
2361.493896 650.000000
2362.563232 500.000000
2363.631592 655.000000
2364.699707 607.000000
2365.767090 602.000000
2366.833984 536.000000
2367.900146 592.000000
2368.965088 618.000000
2370.030029 515.000000
2371.094238 584.000000
2372.157715 629.000000
2373.219971 539.000000
2374.282227 660.000000
2375.343506 578.000000
2376.404541 519.000000
2377.464355 638.000000
2378.523438 561.000000
2379.582520 577.000000
2380.640625 564.000000
2381.697998 546.000000
2382.754395 532.000000
2383.810547 550.000000
2384.866211 526.000000
2385.921143 464.000000
2386.974609 635.000000
2388.028320 632.000000
2389.081055 676.000000
2390.133301 548.000000
2391.184814 531.000000
2392.235352 530.000000
2393.285645 568.000000
2394.334961 575.000000
2395.384277 620.000000
2396.432129 471.000000
2397.479492 631.000000
2398.526611 575.000000
2399.572754 542.000000
2400.618164 559.000000
2401.662842 527.000000
2402.707520 623.000000
2403.750732 483.000000
2404.793945 516.000000
2405.835693 506.000000
2406.877686 541.000000
2407.918945 554.000000
2408.959229 634.000000
2409.998779 525.000000
2411.037354 488.000000
2412.076172 546.000000
2413.113770 552.000000
2414.151123 576.000000
2415.187256 518.000000
2416.223145 632.000000
2417.258301 501.000000
2418.292969 492.000000
2419.326172 560.000000
2420.359619 584.000000
2421.392090 552.000000
2422.424316 497.000000
2423.455078 541.000000
2424.485840 545.000000
2425.516113 477.000000
2426.545166 560.000000
2427.574219 546.000000
2428.601563 470.000000
2429.629395 533.000000
2430.656006 558.000000
2431.682373 460.000000
2432.707275 496.000000
2433.732422 516.000000
2434.756592 534.000000
2435.780518 429.000000
2436.803223 604.000000
2437.825195 496.000000
2438.846924 415.000000
2439.867920 512.000000
2440.888428 446.000000
2441.907715 517.000000
2442.927002 571.000000
2443.945313 450.000000
2444.963379 467.000000
2445.979980 433.000000
2446.996582 390.000000
2448.012451 482.000000
2449.028320 508.000000
2450.042725 485.000000
2451.056396 499.000000
2452.069580 516.000000
2453.082520 511.000000
2454.094727 477.000000
2455.105957 423.000000
2456.116943 447.000000
2457.127197 441.000000
2458.136963 527.000000
2459.145752 525.000000
2460.153809 417.000000
2461.161865 434.000000
2462.168701 389.000000
2463.175293 421.000000
2464.180664 477.000000
2465.185791 447.000000
2466.190674 431.000000
2467.194336 490.000000
2468.197754 398.000000
2469.200195 473.000000
2470.202393 459.000000
2471.204102 381.000000
2472.204834 461.000000
2473.204590 389.000000
2474.204346 477.000000
2475.203125 530.000000
2476.201416 474.000000
2477.198730 355.000000
2478.195801 355.000000
2479.192871 447.000000
2480.188477 440.000000
2481.184082 440.000000
2482.177979 434.000000
2483.171875 447.000000
2484.165283 389.000000
2485.158203 419.000000
2486.150146 445.000000
2487.141357 476.000000
2488.132324 458.000000
2489.122803 370.000000
2490.112305 375.000000
2491.101074 377.000000
2492.089844 460.000000
2493.077637 459.000000
2494.064209 412.000000
2495.050781 415.000000
2496.036865 482.000000
2497.022217 317.000000
2498.006592 446.000000
2498.990723 427.000000
2499.974854 441.000000
2500.957520 432.000000
2501.939697 418.000000
2502.921387 316.000000
2503.902344 347.000000
2504.882813 410.000000
2505.863037 396.000000
2506.841797 385.000000
2507.820313 463.000000
2508.798340 415.000000
2509.775879 412.000000
2510.752441 376.000000
2511.728760 475.000000
2512.704346 410.000000
2513.679443 438.000000
2514.654053 380.000000
2515.627441 405.000000
2516.600586 422.000000
2517.573486 415.000000
2518.545410 473.000000
2519.516602 353.000000
2520.487305 377.000000
2521.457764 476.000000
2522.427490 347.000000
2523.396240 414.000000
2524.364258 333.000000
2525.332275 551.000000
2526.299316 328.000000
2527.266113 399.000000
2528.231689 364.000000
2529.197266 358.000000
2530.162109 393.000000
2531.126465 337.000000
2532.089600 361.000000
2533.052979 240.000000
2534.015381 335.000000
2534.977539 359.000000
2535.938477 393.000000
2536.898682 399.000000
2537.859131 389.000000
2538.818604 385.000000
2539.777344 398.000000
2540.735107 375.000000
2541.693115 354.000000
2542.650391 355.000000
2543.606689 406.000000
2544.562744 363.000000
2545.517578 323.000000
2546.472656 325.000000
2547.427002 373.000000
2548.380615 760.000000
2549.333252 398.000000
2550.285645 279.000000
2551.237549 437.000000
2552.188721 362.000000
2553.139160 133.000000
2554.089111 300.000000
2555.038818 255.000000
2555.987793 378.000000
2556.936279 424.000000
2557.883545 322.000000
2558.830811 243.000000
2559.777344 303.000000
2560.723389 275.000000
2561.668457 356.000000
2562.613281 356.000000
2563.557617 321.000000
2564.501465 349.000000
2565.444824 366.000000
2566.386719 220.000000
2567.328857 303.000000
2568.270264 287.000000
2569.210938 365.000000
2570.150879 296.000000
2571.090820 320.000000
2572.029785 363.000000
2572.968506 258.000000
2573.906250 321.000000
2574.843750 240.000000
2575.780518 380.000000
2576.716553 326.000000
2577.652100 300.000000
2578.586914 385.000000
2579.521729 320.000000
2580.455566 348.000000
2581.388916 257.000000
2582.321533 339.000000
2583.253906 403.000000
2584.185547 228.000000
2585.116699 245.000000
2586.047363 269.000000
2586.976807 459.000000
2587.906250 326.000000
2588.835205 317.000000
2589.763916 297.000000
2590.690918 271.000000
2591.618164 314.000000
2592.544922 284.000000
2593.470947 309.000000
2594.396729 258.000000
2595.321289 275.000000
2596.245605 185.000000
2597.169434 309.000000
2598.092773 317.000000
2599.015137 331.000000
2599.937256 233.000000
2600.858887 239.000000
2601.779785 290.000000
2602.699951 317.000000
2603.619873 351.000000
2604.539307 299.000000
2605.458496 306.000000
2606.376709 268.000000
2607.293701 297.000000
2608.210938 255.000000
2609.127930 337.000000
2610.043945 284.000000
2610.958740 227.000000
2611.874023 314.000000
2612.788574 327.000000
2613.702148 270.000000
2614.615723 272.000000
2615.528076 319.000000
2616.440430 193.000000
2617.351807 250.000000
2618.262939 220.000000
2619.173340 240.000000
2620.083496 351.000000
2620.992920 293.000000
2621.901855 291.000000
2622.809814 288.000000
2623.718018 208.000000
2624.625244 253.000000
2625.531982 207.000000
2626.437988 185.000000
2627.343750 324.000000
2628.248779 249.000000
2629.153564 285.000000
2630.057617 219.000000
2630.960693 222.000000
2631.863770 200.000000
2632.765869 237.000000
2633.667969 249.000000
2634.569824 254.000000
2635.469971 220.000000
2636.370361 269.000000
2637.270020 222.000000
2638.169434 241.000000
2639.067383 196.000000
2639.965820 168.000000
2640.863770 245.000000
2641.760986 168.000000
2642.656982 267.000000
2643.552979 168.000000
2644.448730 271.000000
2645.343750 241.000000
2646.238525 268.000000
2647.131836 270.000000
2648.025146 240.000000
2648.918213 207.000000
2649.811035 198.000000
2650.702148 199.000000
2651.593506 296.000000
2652.484375 339.000000
2653.374512 329.000000
2654.264404 264.000000
2655.153076 130.000000
2656.041992 264.000000
2656.930420 226.000000
2657.817871 162.000000
2658.704346 205.000000
2659.591309 284.000000
2660.477539 277.000000
2661.363281 285.000000
2662.247803 232.000000
2663.132324 226.000000
2664.016602 277.000000
2664.900146 255.000000
2665.783203 266.000000
2666.665527 264.000000
2667.547363 144.000000
2668.428467 254.000000
2669.309814 226.000000
2670.189697 232.000000
2671.069824 153.000000
2671.949219 216.000000
2672.828613 163.000000
2673.707275 251.000000
2674.584229 195.000000
2675.461914 182.000000
2676.338867 285.000000
2677.215088 169.000000
2678.090820 218.000000
2678.965820 219.000000
2679.841064 205.000000
2680.715332 187.000000
2681.589111 115.000000
2682.462158 240.000000
2683.334961 238.000000
2684.207520 271.000000
2685.079346 170.000000
2685.950439 171.000000
2686.821289 252.000000
2687.691650 148.000000
2688.561768 153.000000
2689.430176 168.000000
2690.299316 230.000000
2691.167725 165.000000
2692.035889 252.000000
2692.903320 179.000000
2693.769531 73.000000
2694.636230 209.000000
2695.501953 222.000000
2696.367676 248.000000
2697.231934 247.000000
2698.096924 189.000000
2698.960449 227.000000
2699.824219 273.000000
2700.686523 208.000000
2701.549316 186.000000
2702.411133 214.000000
2703.272461 245.000000
2704.133789 242.000000
2704.993896 164.000000
2705.854004 248.000000
2706.713623 140.000000
2707.572998 215.000000
2708.430664 236.000000
2709.288574 176.000000
2710.146973 228.000000
2711.004150 132.000000
2711.860596 218.000000
2712.716553 235.000000
2713.572510 236.000000
2714.427734 187.000000
2715.282227 152.000000
2716.136230 159.000000
2716.990234 87.000000
2717.843262 228.000000
2718.696533 150.000000
2719.548096 148.000000
2720.400146 163.000000
2721.251953 189.000000
2722.102539 132.000000
2722.953125 237.000000
2723.803223 171.000000
2724.652588 241.000000
2725.501953 243.000000
2726.350098 175.000000
2727.197754 115.000000
2728.045898 141.000000
2728.892822 222.000000
2729.740234 277.000000
2730.586182 187.000000
2731.431396 194.000000
2732.277100 117.000000
2733.121826 99.000000
2733.966553 133.000000
2734.810059 191.000000
2735.653809 136.000000
2736.496826 107.000000
2737.339355 166.000000
2738.180908 139.000000
2739.022949 115.000000
2739.864014 240.000000
2740.704834 165.000000
2741.545410 140.000000
2742.384766 157.000000
2743.224121 141.000000
2744.063477 85.000000
2744.901611 162.000000
2745.739258 276.000000
2746.576904 162.000000
2747.414063 165.000000
2748.250977 147.000000
2749.087402 291.000000
2749.922607 61.000000
2750.758057 128.000000
2751.593018 106.000000
2752.427246 167.000000
2753.261230 123.000000
2754.094727 151.000000
2754.928223 120.000000
2755.760742 160.000000
2756.592773 115.000000
2757.424316 185.000000
2758.255859 186.000000
2759.086426 56.000000
2759.917236 104.000000
2760.746826 198.000000
2761.576416 245.000000
2762.405762 172.000000
2763.234375 133.000000
2764.062500 196.000000
2764.890137 79.000000
2765.717773 155.000000
2766.544922 72.000000
2767.371338 185.000000
2768.197266 120.000000
2769.022705 131.000000
2769.847900 94.000000
2770.673096 95.000000
2771.497070 153.000000
2772.321045 144.000000
2773.145020 166.000000
2773.967773 148.000000
2774.790771 53.000000
2775.612549 110.000000
2776.434326 128.000000
2777.256104 152.000000
2778.076904 -9.000000
2778.896973 58.000000
2779.717285 144.000000
2780.537109 85.000000
2781.356934 104.000000
2782.174805 99.000000
2782.993896 79.000000
2783.811768 119.000000
2784.629395 131.000000
2785.446533 140.000000
2786.263184 182.000000
2787.079590 147.000000
2787.895508 173.000000
2788.711182 150.000000
2789.525879 60.000000
2790.341064 199.000000
2791.155518 89.000000
2791.969482 165.000000
2792.783203 173.000000
2793.595703 45.000000
2794.408447 163.000000
2795.220703 86.000000
2796.032471 227.000000
2796.843506 153.000000
2797.655273 70.000000
2798.465820 62.000000
2799.276367 67.000000
2800.085449 122.000000
2800.895264 153.000000
2801.704346 145.000000
2802.513184 127.000000
2803.321533 94.000000
2804.128906 160.000000
2804.936768 130.000000
2805.743896 -30.000000
2806.550781 170.000000
2807.356445 -13.000000
2808.162598 83.000000
2808.968018 64.000000
2809.773438 91.000000
2810.578125 148.000000
2811.381836 145.000000
2812.186035 122.000000
2812.989746 77.000000
2813.793213 90.000000
2814.595215 149.000000
2815.397949 61.000000
2816.199951 51.000000
2817.001709 102.000000
2817.802979 147.000000
2818.603760 215.000000
2819.404053 143.000000
2820.204590 115.000000
2821.004150 164.000000
2821.803223 54.000000
2822.602295 90.000000
2823.401123 94.000000
2824.199463 190.000000
2824.996826 92.000000
2825.794434 208.000000
2826.591309 36.000000
2827.388428 99.000000
2828.184814 209.000000
2828.980469 88.000000
2829.776123 152.000000
2830.571533 213.000000
2831.366455 111.000000
2832.160645 26.000000
2832.954834 156.000000
2833.748779 135.000000
2834.542236 59.000000
2835.334961 145.000000
2836.127441 108.000000
2836.919922 107.000000
2837.712158 178.000000
2838.503906 139.000000
2839.294678 114.000000
2840.085449 65.000000
2840.876465 81.000000
2841.666504 128.000000
2842.456055 141.000000
2843.245850 93.000000
2844.034668 150.000000
2844.823486 77.000000
2845.612305 35.000000
2846.400146 126.000000
2847.187500 26.000000
2847.975098 112.000000
2848.762207 78.000000
2849.548584 198.000000
2850.334961 155.000000
2851.121094 105.000000
2851.906738 76.000000
2852.691406 11.000000
2853.476563 84.000000
2854.261475 103.000000
2855.045654 146.000000
2855.829834 144.000000
2856.612793 162.000000
2857.395996 76.000000
2858.178955 85.000000
2858.961426 156.000000
2859.743652 81.000000
2860.525391 220.000000
2861.306885 64.000000
2862.088623 226.000000
2862.869629 157.000000
2863.649902 82.000000
2864.429932 101.000000
2865.209961 188.000000
2865.989746 208.000000
2866.768555 155.000000
2867.547607 172.000000
2868.326172 42.000000
2869.104492 105.000000
2869.882324 83.000000
2870.659912 95.000000
2871.437256 177.000000
2872.214355 224.000000
2872.990967 133.000000
2873.767090 114.000000
2874.543213 142.000000
2875.318848 87.000000
2876.094238 48.000000
2876.869141 130.000000
2877.643799 104.000000
2878.418457 108.000000
2879.192871 195.000000
2879.966553 132.000000
2880.739502 144.000000
2881.513184 83.000000
2882.285889 123.000000
2883.058594 126.000000
2883.830566 160.000000
2884.602295 117.000000
2885.374512 86.000000
2886.145508 73.000000
2886.916016 173.000000
2887.687012 84.000000
2888.458008 38.000000
2889.228271 84.000000
2889.997559 61.000000
2890.767090 109.000000
2891.536621 88.000000
2892.305664 100.000000
2893.074219 215.000000
2893.842773 42.000000
2894.610352 167.000000
2895.378418 41.000000
2896.145996 96.000000
2896.913574 145.000000
2897.679932 147.000000
2898.447266 145.000000
2899.213379 147.000000
2899.979736 151.000000
2900.744629 50.000000
2901.510010 82.000000
2902.275879 159.000000
2903.040283 170.000000
2903.804688 21.000000
2904.569336 -17.000000
2905.333008 97.000000
2906.097412 218.000000
2906.861084 57.000000
2907.624023 53.000000
2908.386719 106.000000
2909.149902 86.000000
2909.912598 88.000000
2910.674072 178.000000
2911.436035 178.000000
spectrumdark 2048
-96.794861 6121.000000
-94.167992 6121.000000
-91.542999 6061.000000
-88.919899 6440.000000
-86.298668 5836.000000
-83.679337 6263.000000
-81.061867 6066.000000
-78.446274 6354.000000
-75.832558 6172.000000
-73.220718 5865.000000
-70.610741 6098.000000
-68.002647 6000.000000
-65.396400 5996.000000
-62.792030 5997.000000
-60.189522 6091.000000
-57.588867 5653.000000
-54.990074 6225.000000
-52.393139 6852.000000
-49.798058 6506.000000
-47.204830 6510.000000
-44.613453 6230.000000
-42.023922 6699.000000
-39.436234 5921.000000
-36.850395 5973.000000
-34.266399 6456.000000
-31.684238 5685.000000
-29.103926 6311.000000
-26.525440 5734.000000
-23.948797 6106.000000
-21.373980 6264.000000
-18.801003 6490.000000
-16.229845 6403.000000
-13.660522 6833.000000
-11.093024 7777.000000
-8.527345 6289.000000
-5.963490 6456.000000
-3.401450 6010.000000
-0.841234 5758.000000
1.717174 6138.000000
4.273761 6938.000000
6.828543 6644.000000
9.381508 5960.000000
11.932673 6649.000000
14.482024 6441.000000
17.029581 6685.000000
19.575325 6012.000000
22.119276 5733.000000
24.661423 6667.000000
27.201773 6766.000000
29.740337 6830.000000
32.277103 6177.000000
34.812069 5766.000000
37.345257 7171.000000
39.876663 6364.000000
42.406277 7105.000000
44.934093 6534.000000
47.460152 7800.000000
49.984421 5667.000000
52.506920 6200.000000
55.027622 6730.000000
57.546570 6376.000000
60.063744 6425.000000
62.579140 6655.000000
65.092758 5593.000000
67.604622 5748.000000
70.114738 6536.000000
72.623062 6518.000000
75.129631 5942.000000
77.634453 6334.000000
80.137520 6400.000000
82.638809 6277.000000
85.138359 6108.000000
87.636154 6376.000000
90.132217 5720.000000
92.626503 7241.000000
95.119049 5786.000000
97.609879 6977.000000
100.098938 7113.000000
102.586250 6337.000000
105.071838 6147.000000
107.555687 6400.000000
110.037788 5718.000000
112.518166 6547.000000
114.996819 6187.000000
117.473747 6411.000000
119.948921 7176.000000
122.422386 6829.000000
124.894119 5847.000000
127.364143 6782.000000
129.832413 6202.000000
132.299011 6284.000000
134.763855 5671.000000
137.227005 6151.000000
139.688416 7225.000000
142.148132 6948.000000
144.606125 6409.000000
147.062424 5966.000000
149.517014 5771.000000
151.969879 6798.000000
154.421066 6364.000000
156.870560 6518.000000
159.318329 5992.000000
161.764389 6518.000000
164.208771 8672.000000
166.651474 6412.000000
169.092484 6785.000000
171.531784 6261.000000
173.969376 7280.000000
176.405334 6549.000000
178.839554 6933.000000
181.272095 7119.000000
183.702988 6659.000000
186.132156 7177.000000
188.559677 6698.000000
190.985519 6310.000000
193.409683 6678.000000
195.832184 7186.000000
198.252991 7306.000000
200.672134 6460.000000
203.089615 6029.000000
205.505402 7612.000000
207.919540 7045.000000
210.332047 6341.000000
212.742874 6069.000000
215.152023 6190.000000
217.559540 7348.000000
219.965347 6106.000000
222.369568 6559.000000
224.772079 6715.000000
227.172974 6853.000000
229.572220 6429.000000
231.969803 6845.000000
234.365723 7266.000000
236.760025 6531.000000
239.152664 5755.000000
241.543686 6826.000000
243.933044 6575.000000
246.320786 6337.000000
248.706879 6915.000000
251.091339 6126.000000
253.474152 7764.000000
255.855392 6662.000000
258.234924 6639.000000
260.612885 6471.000000
262.989166 7512.000000
265.363892 7556.000000
267.736969 7801.000000
270.108398 6086.000000
272.478180 6430.000000
274.846405 5940.000000
277.212982 6305.000000
279.577972 6707.000000
281.941345 5984.000000
284.303070 6173.000000
286.663208 7117.000000
289.021729 5894.000000
291.378662 6495.000000
293.733978 6408.000000
296.087708 5942.000000
298.439789 6003.000000
300.790314 6325.000000
303.139252 6362.000000
305.486542 6769.000000
307.832306 6445.000000
310.176392 6451.000000
312.518951 7370.000000
314.859894 7576.000000
317.199219 7135.000000
319.536987 6938.000000
321.873199 8055.000000
324.207764 6224.000000
326.540771 6448.000000
328.872223 5930.000000
331.202087 6581.000000
333.530365 6367.000000
335.857025 7184.000000
338.182190 6337.000000
340.505737 6160.000000
342.827728 5978.000000
345.148163 7503.000000
347.466980 7709.000000
349.784241 6002.000000
352.099976 5832.000000
354.414124 6936.000000
356.726685 6250.000000
359.037689 6310.000000
361.347168 7089.000000
363.655121 6320.000000
365.961456 5616.000000
368.266205 6377.000000
370.569489 6401.000000
372.871155 6287.000000
375.171326 6337.000000
377.469940 6260.000000
379.766998 5687.000000
382.062500 6022.000000
384.356476 5871.000000
386.648865 5150.000000
388.939758 5528.000000
391.229126 6127.000000
393.516907 6221.000000
395.803162 6542.000000
398.087921 6992.000000
400.371063 6004.000000
402.652771 6418.000000
404.932953 6090.000000
407.211548 7221.000000
409.488617 6457.000000
411.764160 6753.000000
414.038177 6412.000000
416.310760 6328.000000
418.581726 6231.000000
420.851196 6407.000000
423.119171 7175.000000
425.385590 7189.000000
427.650513 6277.000000
429.913971 6267.000000
432.175842 6415.000000
434.436249 5966.000000
436.695099 6595.000000
438.952484 6086.000000
441.208374 5658.000000
443.462769 5818.000000
445.715637 5433.000000
447.966949 6926.000000
450.216858 6040.000000
452.465179 6328.000000
454.712067 5633.000000
456.957489 6447.000000
459.201355 6469.000000
461.443726 6740.000000
463.684601 5605.000000
465.924072 6619.000000
468.161957 5434.000000
470.398407 5898.000000
472.633331 6012.000000
474.866791 7314.000000
477.098816 6682.000000
479.329315 5672.000000
481.558319 6420.000000
483.785858 6328.000000
486.011902 5944.000000
488.236511 6536.000000
490.459656 5885.000000
492.681335 6392.000000
494.901459 6721.000000
497.120178 5680.000000
499.337402 6237.000000
501.553253 5511.000000
503.767487 6141.000000
505.980408 6490.000000
508.191742 6364.000000
510.401642 6839.000000
512.610107 6454.000000
514.817200 6498.000000
517.022705 6428.000000
519.226807 6592.000000
521.429382 6202.000000
523.630554 6597.000000
525.830383 6625.000000
528.028687 6909.000000
530.225464 5300.000000
532.420898 5784.000000
534.614807 5570.000000
536.807373 7499.000000
538.998413 6711.000000
541.188049 5989.000000
543.376282 6960.000000
545.562988 7081.000000
547.748230 6754.000000
549.932190 6270.000000
552.114563 6430.000000
554.295593 6180.000000
556.475098 6034.000000
558.653320 5872.000000
560.830017 6057.000000
563.005310 6373.000000
565.179199 6492.000000
567.351624 5928.000000
569.522644 6048.000000
571.692200 6287.000000
573.860474 5231.000000
576.027222 6429.000000
578.192505 6257.000000
580.356384 6093.000000
582.518982 5671.000000
584.680054 6046.000000
586.839722 5566.000000
588.998047 5758.000000
591.154846 6102.000000
593.310303 6562.000000
595.464355 5752.000000
597.617065 6085.000000
599.768250 7264.000000
601.918091 6753.000000
604.066589 6652.000000
606.213501 6085.000000
608.359192 6482.000000
610.503479 6385.000000
612.646301 7026.000000
614.787659 6172.000000
616.927795 6443.000000
619.066406 7645.000000
621.203735 5707.000000
623.339600 6576.000000
625.474060 6981.000000
627.607056 7139.000000
629.738892 6654.000000
631.869263 6547.000000
633.998230 6741.000000
636.125732 6458.000000
638.251953 6142.000000
640.376648 7344.000000
642.500122 6391.000000
644.622253 6783.000000
646.742920 6849.000000
648.862244 6572.000000
650.980164 5677.000000
653.096741 5662.000000
655.211914 6314.000000
657.325745 6514.000000
659.438110 5812.000000
661.549255 6131.000000
663.658997 5404.000000
665.767273 6001.000000
667.874390 6272.000000
669.980042 6796.000000
672.084229 5819.000000
674.187195 5732.000000
676.288757 7059.000000
678.388977 5353.000000
680.487793 6700.000000
682.585266 6130.000000
684.681458 6965.000000
686.776184 6222.000000
688.869690 6927.000000
690.961853 6608.000000
693.052490 7869.000000
695.141907 6579.000000
697.230042 6512.000000
699.316711 6023.000000
701.402161 6668.000000
703.486084 5094.000000
705.568787 5886.000000
707.650208 5901.000000
709.730164 7539.000000
711.808899 6141.000000
713.886169 5525.000000
715.962158 6540.000000
718.036865 6027.000000
720.110291 7006.000000
722.182190 6283.000000
724.252930 7375.000000
726.322327 5777.000000
728.390320 6515.000000
730.456970 6321.000000
732.522400 7042.000000
734.586487 5742.000000
736.649231 6171.000000
738.710632 6495.000000
740.770752 6614.000000
742.829468 6032.000000
744.886963 6613.000000
746.943176 6474.000000
748.997986 6727.000000
751.051514 6389.000000
753.103638 7409.000000
755.154541 5794.000000
757.204224 6672.000000
759.252441 6379.000000
761.299438 6134.000000
763.345154 7006.000000
765.389465 5353.000000
767.432495 5757.000000
769.474304 14982.000000
771.514771 6940.000000
773.553833 6321.000000
775.591736 6046.000000
777.628296 5950.000000
779.663635 5409.000000
781.697632 5732.000000
783.730225 6871.000000
785.761658 5500.000000
787.791687 12164.000000
789.820435 6043.000000
791.848022 6289.000000
793.874268 6367.000000
795.899109 5797.000000
797.922852 5484.000000
799.945190 6355.000000
801.966309 5831.000000
803.986084 6646.000000
806.004578 4922.000000
808.021851 6796.000000
810.037720 6754.000000
812.052429 5703.000000
814.065796 6433.000000
816.077942 6252.000000
818.088867 5997.000000
820.098450 6512.000000
822.106812 5299.000000
824.113770 5643.000000
826.119507 6001.000000
828.124023 5750.000000
830.127258 5661.000000
832.129211 6454.000000
834.129883 6102.000000
836.129333 5938.000000
838.127441 6301.000000
840.124451 6954.000000
842.120056 6204.000000
844.114502 5961.000000
846.107605 6176.000000
848.099487 6775.000000
850.090027 5549.000000
852.079285 6784.000000
854.067505 5942.000000
856.054321 5716.000000
858.039917 6383.000000
860.024231 7311.000000
862.007446 6268.000000
863.989258 6325.000000
865.969849 5784.000000
867.949158 7774.000000
869.927307 7106.000000
871.904114 6176.000000
873.879639 6038.000000
875.854126 6120.000000
877.827148 6001.000000
879.799133 5380.000000
881.769775 6401.000000
883.739258 6096.000000
885.707397 5557.000000
887.674377 5183.000000
889.640015 6081.000000
891.604492 5806.000000
893.567749 5985.000000
895.529785 6526.000000
897.490540 5894.000000
899.450073 6399.000000
901.408325 6709.000000
903.365479 6367.000000
905.321472 5964.000000
907.276062 6897.000000
909.229431 6491.000000
911.181641 6419.000000
913.132629 6375.000000
915.082336 7080.000000
917.030884 6254.000000
918.978210 6098.000000
920.924255 6135.000000
922.869019 6055.000000
924.812744 6309.000000
926.755310 5969.000000
928.696594 5604.000000
930.636536 6415.000000
932.575378 5706.000000
934.512939 5470.000000
936.449280 5879.000000
938.384460 5796.000000
940.318359 6111.000000
942.251160 5845.000000
944.182739 6769.000000
946.113159 5126.000000
948.042358 6361.000000
949.970215 7019.000000
951.897034 6634.000000
953.822571 5946.000000
955.746826 5369.000000
957.669983 6006.000000
959.591980 6714.000000
961.512695 7249.000000
963.432251 6509.000000
965.350647 5259.000000
967.268005 6464.000000
969.183899 6445.000000
971.098694 6095.000000
973.012268 5962.000000
974.924683 6411.000000
976.835876 6448.000000
978.745911 5434.000000
980.654663 6158.000000
982.562378 6137.000000
984.468872 6370.000000
986.374146 5721.000000
988.278320 6801.000000
990.181274 6184.000000
992.083008 6783.000000
993.983582 6544.000000
995.882996 6626.000000
997.781189 5271.000000
999.678223 6645.000000
1001.574036 6471.000000
1003.468689 7681.000000
1005.362244 5524.000000
1007.254517 7242.000000
1009.145874 6031.000000
1011.035889 5310.000000
1012.924683 6630.000000
1014.812317 6224.000000
1016.698792 6892.000000
1018.584106 6766.000000
1020.468262 5925.000000
1022.351196 5836.000000
1024.233154 6221.000000
1026.113770 5224.000000
1027.993286 5821.000000
1029.871826 6015.000000
1031.749023 5401.000000
1033.624878 6211.000000
1035.499756 5921.000000
1037.373657 6598.000000
1039.246094 7015.000000
1041.117554 6750.000000
1042.987671 5467.000000
1044.856812 5511.000000
1046.724731 5768.000000
1048.591553 7107.000000
1050.457275 6697.000000
1052.321777 6419.000000
1054.185181 6490.000000
1056.047241 6437.000000
1057.908325 5898.000000
1059.768311 6455.000000
1061.626953 6698.000000
1063.484497 5785.000000
1065.340942 6706.000000
1067.196289 5868.000000
1069.050415 5830.000000
1070.903687 6240.000000
1072.755493 6295.000000
1074.606323 6124.000000
1076.455933 6132.000000
1078.304321 5733.000000
1080.151855 7944.000000
1081.998047 5610.000000
1083.843018 6164.000000
1085.687134 5388.000000
1087.529907 5527.000000
1089.371460 6536.000000
1091.212280 5488.000000
1093.051514 5756.000000
1094.890015 6020.000000
1096.727173 5954.000000
1098.563110 6784.000000
1100.398071 6581.000000
1102.231812 5396.000000
1104.064575 5645.000000
1105.895996 6169.000000
1107.726563 7265.000000
1109.555786 6507.000000
1111.384033 6380.000000
1113.211060 7082.000000
1115.037109 5454.000000
1116.861938 6403.000000
1118.685669 7146.000000
1120.508179 6065.000000
1122.329590 5868.000000
1124.150146 5896.000000
1125.969238 6530.000000
1127.787476 7097.000000
1129.604370 6803.000000
1131.420410 6721.000000
1133.235229 6461.000000
1135.048950 5584.000000
1136.861572 5742.000000
1138.672974 5670.000000
1140.483398 6103.000000
1142.292725 6723.000000
1144.100708 7001.000000
1145.907959 5857.000000
1147.713745 5976.000000
1149.518677 5379.000000
1151.322510 5427.000000
1153.125122 6154.000000
1154.926880 6079.000000
1156.727173 6020.000000
1158.526489 6131.000000
1160.324829 5910.000000
1162.121826 5476.000000
1163.918091 5894.000000
1165.713013 6072.000000
1167.506836 6355.000000
1169.299805 7757.000000
1171.091431 5621.000000
1172.882080 6465.000000
1174.671753 6005.000000
1176.459961 5867.000000
1178.247314 7455.000000
1180.033569 6878.000000
1181.818726 5770.000000
1183.602783 5966.000000
1185.385742 7746.000000
1187.167725 5870.000000
1188.948486 5888.000000
1190.728271 6312.000000
1192.506958 6913.000000
1194.284668 6636.000000
1196.061157 7184.000000
1197.836548 6588.000000
1199.610840 6512.000000
1201.384033 6639.000000
1203.156372 6436.000000
1204.927368 6773.000000
1206.697510 5672.000000
1208.466431 6065.000000
1210.234253 6326.000000
1212.001221 5768.000000
1213.766846 5907.000000
1215.531494 6956.000000
1217.295044 6498.000000
1219.057495 5933.000000
1220.819092 6776.000000
1222.579468 5810.000000
1224.338745 6248.000000
1226.097168 6069.000000
1227.854370 7019.000000
1229.610474 6409.000000
1231.365479 5476.000000
1233.119629 5988.000000
1234.872437 5782.000000
1236.624268 6026.000000
1238.375244 5979.000000
1240.124878 4917.000000
1241.873657 6981.000000
1243.621094 6484.000000
1245.367798 6565.000000
1247.113281 6474.000000
1248.857910 6398.000000
1250.601196 6746.000000
1252.343506 6684.000000
1254.084717 5367.000000
1255.825073 5113.000000
1257.564331 5752.000000
1259.302368 6568.000000
1261.039551 7080.000000
1262.775513 6082.000000
1264.510498 6419.000000
1266.244507 7249.000000
1267.977539 5929.000000
1269.709351 6133.000000
1271.440186 6425.000000
1273.169800 7183.000000
1274.898560 5930.000000
1276.626221 5618.000000
1278.352783 5554.000000
1280.078491 5511.000000
1281.802856 6466.000000
1283.526367 5176.000000
1285.248901 6901.000000
1286.970459 6605.000000
1288.690796 6202.000000
1290.410156 6600.000000
1292.128418 7268.000000
1293.845703 6415.000000
1295.562012 5739.000000
1297.277100 6340.000000
1298.991211 6185.000000
1300.704346 5728.000000
1302.416626 6455.000000
1304.127686 8318.000000
1305.837769 5269.000000
1307.546753 6347.000000
1309.254517 6680.000000
1310.961670 7011.000000
1312.667358 5765.000000
1314.372314 6862.000000
1316.076294 6139.000000
1317.779053 5952.000000
1319.480835 6539.000000
1321.181763 5978.000000
1322.881348 18638.000000
1324.580078 31298.000000
1326.278076 5569.000000
1327.974731 6518.000000
1329.670288 7100.000000
1331.364990 6852.000000
1333.058472 5717.000000
1334.751099 5423.000000
1336.442871 7432.000000
1338.133301 6237.000000
1339.822998 6592.000000
1341.511597 6018.000000
1343.199097 7614.000000
1344.885620 5560.000000
1346.571045 6755.000000
1348.255493 5944.000000
1349.939087 7244.000000
1351.621460 6328.000000
1353.302856 5912.000000
1354.983398 6550.000000
1356.662720 6745.000000
1358.341431 5896.000000
1360.018799 6641.000000
1361.695068 5717.000000
1363.370361 5565.000000
1365.044922 6538.000000
1366.718262 6504.000000
1368.390625 6763.000000
1370.062012 5103.000000
1371.732422 6831.000000
1373.401733 6260.000000
1375.070068 5621.000000
1376.737549 5931.000000
1378.403931 6463.000000
1380.069336 6163.000000
1381.733765 5880.000000
1383.396973 5890.000000
1385.059570 5726.000000
1386.720825 6367.000000
1388.381226 6562.000000
1390.040527 6429.000000
1391.698853 6440.000000
1393.356445 6837.000000
1395.012817 6490.000000
1396.668335 7041.000000
1398.322632 6335.000000
1399.976074 5877.000000
1401.628418 6119.000000
1403.280029 6413.000000
1404.930420 7147.000000
1406.579712 6270.000000
1408.228271 7494.000000
1409.875732 7839.000000
1411.522217 6190.000000
1413.167847 6214.000000
1414.812500 6004.000000
1416.455933 6976.000000
1418.098511 7098.000000
1419.739990 6800.000000
1421.380615 6500.000000
1423.020264 6469.000000
1424.658813 6017.000000
1426.296509 6605.000000
1427.933105 6269.000000
1429.568726 6020.000000
1431.203613 6407.000000
1432.837402 5942.000000
1434.470093 6094.000000
1436.101807 5618.000000
1437.732666 6180.000000
1439.362427 6046.000000
1440.991089 7708.000000
1442.619141 5996.000000
1444.246094 6188.000000
1445.871826 6132.000000
1447.496948 6165.000000
1449.120972 6553.000000
1450.744019 6060.000000
1452.366089 5984.000000
1453.987061 7388.000000
1455.607056 6295.000000
1457.226318 6891.000000
1458.844238 5681.000000
1460.461548 14528.000000
1462.077881 5504.000000
1463.692993 7231.000000
1465.307251 6358.000000
1466.920654 5162.000000
1468.532959 5581.000000
1470.144409 6265.000000
1471.755005 6354.000000
1473.364380 5996.000000
1474.972778 5984.000000
1476.580322 6183.000000
1478.186890 6683.000000
1479.792725 5333.000000
1481.397339 6272.000000
1483.001099 5448.000000
1484.603638 6890.000000
1486.205566 5527.000000
1487.806274 5566.000000
1489.406250 5644.000000
1491.005127 6264.000000
1492.603149 6461.000000
1494.200073 6723.000000
1495.796143 6300.000000
1497.391235 6021.000000
1498.985352 5437.000000
1500.578735 6515.000000
1502.171021 5526.000000
1503.762085 6169.000000
1505.352661 6690.000000
1506.941895 6463.000000
1508.530518 6215.000000
1510.118042 6512.000000
1511.704468 6846.000000
1513.290161 6128.000000
1514.874756 6655.000000
1516.458496 6426.000000
1518.041138 6200.000000
1519.623047 6561.000000
1521.203857 6665.000000
1522.783936 6043.000000
1524.362793 6172.000000
1525.940796 6377.000000
1527.518066 6274.000000
1529.094116 5647.000000
1530.669434 5966.000000
1532.243652 6292.000000
1533.817139 5431.000000
1535.389404 5941.000000
1536.960938 6390.000000
1538.531494 6389.000000
1540.101196 6317.000000
1541.669678 5463.000000
1543.237427 6595.000000
1544.804321 5624.000000
1546.369995 6815.000000
1547.934937 5991.000000
1549.498779 5043.000000
1551.062012 7454.000000
1552.623901 6296.000000
1554.185181 6003.000000
1555.745361 5683.000000
1557.304810 5735.000000
1558.863159 6129.000000
1560.420776 6221.000000
1561.977295 7099.000000
1563.532593 5862.000000
1565.087280 6295.000000
1566.641235 5574.000000
1568.194214 6310.000000
1569.745850 5722.000000
1571.296753 5889.000000
1572.846924 6246.000000
1574.396118 6320.000000
1575.943970 5780.000000
1577.491333 5448.000000
1579.037720 5738.000000
1580.583252 5048.000000
1582.127808 6652.000000
1583.671143 6337.000000
1585.213867 6628.000000
1586.755737 6412.000000
1588.296509 6721.000000
1589.836304 5825.000000
1591.375366 6707.000000
1592.913330 5897.000000
1594.450806 6177.000000
1595.986938 5891.000000
1597.521973 6755.000000
1599.056519 6231.000000
1600.590088 5947.000000
1602.122803 6030.000000
1603.653931 6371.000000
1605.184814 6254.000000
1606.714844 5775.000000
1608.243652 6138.000000
1609.771362 6088.000000
1611.298462 5950.000000
1612.824829 5845.000000
1614.350220 6215.000000
1615.874756 5801.000000
1617.397949 5724.000000
1618.920410 5632.000000
1620.442139 6546.000000
1621.963013 7006.000000
1623.482422 15639.000000
1625.001343 6229.000000
1626.519531 6084.000000
1628.036865 5933.000000
1629.553101 6353.000000
1631.067993 7002.000000
1632.582397 6759.000000
1634.096069 5741.000000
1635.608643 6882.000000
1637.119995 5927.000000
1638.630981 6421.000000
1640.140869 6199.000000
1641.649902 6227.000000
1643.157593 5592.000000
1644.664917 6119.000000
1646.171387 7102.000000
1647.676880 6299.000000
1649.181519 6834.000000
1650.684692 6168.000000
1652.187256 6623.000000
1653.689453 6300.000000
1655.190308 6603.000000
1656.690063 7548.000000
1658.188965 5925.000000
1659.687500 6538.000000
1661.184814 6236.000000
1662.681396 5907.000000
1664.176392 6437.000000
1665.671143 6378.000000
1667.165039 5169.000000
1668.657959 5676.000000
1670.149536 20702.000000
1671.640625 6419.000000
1673.131104 6085.000000
1674.620483 5990.000000
1676.108398 6941.000000
1677.596069 6805.000000
1679.082764 6022.000000
1680.568604 5330.000000
1682.053589 6101.000000
1683.537109 6139.000000
1685.020386 6162.000000
1686.502808 5864.000000
1687.984131 6172.000000
1689.463989 6166.000000
1690.943604 5551.000000
1692.422485 6556.000000
1693.900391 6013.000000
1695.377319 6137.000000
1696.853027 5789.000000
1698.328369 6082.000000
1699.802490 6289.000000
1701.276001 5483.000000
1702.748047 5591.000000
1704.219849 6851.000000
1705.690674 6352.000000
1707.160645 7074.000000
1708.629272 5091.000000
1710.097412 5794.000000
1711.564819 6343.000000
1713.031128 5513.000000
1714.496826 5692.000000
1715.960815 6150.000000
1717.424683 6000.000000
1718.887695 7006.000000
1720.349731 6298.000000
1721.810547 6649.000000
1723.270752 5473.000000
1724.730225 6369.000000
1726.188843 6108.000000
1727.646484 5985.000000
1729.102783 6230.000000
1730.558838 6098.000000
1732.013916 6427.000000
1733.468018 6060.000000
1734.920898 6811.000000
1736.373535 5981.000000
1737.825073 6904.000000
1739.275879 5987.000000
1740.725708 6581.000000
1742.174194 5955.000000
1743.622314 7550.000000
1745.069580 6545.000000
1746.516113 6618.000000
1747.961060 6690.000000
1749.405762 6051.000000
1750.849609 5993.000000
1752.292603 5507.000000
1753.734131 6520.000000
1755.175415 6332.000000
1756.615845 19442.000000
1758.055298 6218.000000
1759.493774 5298.000000
1760.931274 6084.000000
1762.368286 7521.000000
1763.804321 5852.000000
1765.239502 7105.000000
1766.673218 6144.000000
1768.106812 6412.000000
1769.539429 6622.000000
1770.971191 5804.000000
1772.402100 5734.000000
1773.831787 6377.000000
1775.260742 6156.000000
1776.689209 6252.000000
1778.116699 6741.000000
1779.542847 6249.000000
1780.968750 5594.000000
1782.393555 6896.000000
1783.817749 5528.000000
1785.240479 6662.000000
1786.662720 6514.000000
1788.084229 6916.000000
1789.505005 5865.000000
1790.924805 6029.000000
1792.343262 6129.000000
1793.761230 6864.000000
1795.178589 5476.000000
1796.595093 6006.000000
1798.010132 6482.000000
1799.424805 5855.000000
1800.838867 6608.000000
1802.251709 6029.000000
1803.663940 6988.000000
1805.074829 7133.000000
1806.485229 7746.000000
1807.894897 6477.000000
1809.303589 5955.000000
1810.711182 5425.000000
1812.118286 6402.000000
1813.524536 6301.000000
1814.929810 6703.000000
1816.333984 5891.000000
1817.737793 6014.000000
1819.140625 6212.000000
1820.542603 5994.000000
1821.943970 5847.000000
1823.343872 6371.000000
1824.743164 6456.000000
1826.141968 6533.000000
1827.539917 7445.000000
1828.936523 5807.000000
1830.332520 6826.000000
1831.727783 5932.000000
1833.122437 8130.000000
1834.516113 6022.000000
1835.908447 6847.000000
1837.300293 6380.000000
1838.691528 5853.000000
1840.081787 7101.000000
1841.470825 6005.000000
1842.859497 6139.000000
1844.247192 5981.000000
1845.634155 5835.000000
1847.019775 6974.000000
1848.405151 5843.000000
1849.789673 6331.000000
1851.173462 6278.000000
1852.556152 6330.000000
1853.937622 5420.000000
1855.318604 6467.000000
1856.699097 6318.000000
1858.078613 5736.000000
1859.456665 5892.000000
1860.834595 6300.000000
1862.211548 7862.000000
1863.587769 6064.000000
1864.963135 6053.000000
1866.337036 5625.000000
1867.710815 5713.000000
1869.083740 6204.000000
1870.455566 5941.000000
1871.826416 6930.000000
1873.196899 5482.000000
1874.566284 6007.000000
1875.935181 6096.000000
1877.302490 7166.000000
1878.669678 6045.000000
1880.035889 6024.000000
1881.401367 6727.000000
1882.766113 7553.000000
1884.129272 6780.000000
1885.492310 6934.000000
1886.854492 6348.000000
1888.215820 6479.000000
1889.575806 5626.000000
1890.935425 5841.000000
1892.294434 6088.000000
1893.652466 6669.000000
1895.009644 7338.000000
1896.365601 5917.000000
1897.721313 7622.000000
1899.076050 5776.000000
1900.429932 5559.000000
1901.782715 5860.000000
1903.135010 5923.000000
1904.486572 5945.000000
1905.837280 6841.000000
1907.186768 6510.000000
1908.535767 6649.000000
1909.883911 5830.000000
1911.231445 6139.000000
1912.578247 6287.000000
1913.923462 6761.000000
1915.268433 6087.000000
1916.612671 5445.000000
1917.956055 6522.000000
1919.298096 6006.000000
1920.639893 6742.000000
1921.980835 7030.000000
1923.321045 6107.000000
1924.660278 6256.000000
1925.998535 6393.000000
1927.336182 6481.000000
1928.673096 7013.000000
1930.009155 6767.000000
1931.343994 5540.000000
1932.678467 6802.000000
1934.012207 7283.000000
1935.345093 6223.000000
1936.676514 5690.000000
1938.008057 6337.000000
1939.338257 6737.000000
1940.667969 5819.000000
1941.996826 6079.000000
1943.324463 5864.000000
1944.651611 5019.000000
1945.978027 5851.000000
1947.303711 6506.000000
1948.628052 5815.000000
1949.952148 6637.000000
1951.275391 6319.000000
1952.597900 6458.000000
1953.919312 5788.000000
1955.239746 7402.000000
1956.559570 6018.000000
1957.879028 5555.000000
1959.197510 6820.000000
1960.514648 5892.000000
1961.831421 5825.000000
1963.147461 6592.000000
1964.462769 6627.000000
1965.776611 6300.000000
1967.090210 5612.000000
1968.403076 6171.000000
1969.715088 6029.000000
1971.026489 6010.000000
1972.336548 6281.000000
1973.646118 5821.000000
1974.954956 6186.000000
1976.263184 6650.000000
1977.570068 6053.000000
1978.876343 7202.000000
1980.182251 5587.000000
1981.486938 6313.000000
1982.791138 5884.000000
1984.094116 5667.000000
1985.396729 7620.000000
1986.698364 6099.000000
1987.999390 6842.000000
1989.298828 6061.000000
1990.598389 6535.000000
1991.896851 5309.000000
1993.194824 6082.000000
1994.491211 6161.000000
1995.787598 5782.000000
1997.083008 5618.000000
1998.377686 6486.000000
1999.671509 5741.000000
2000.964111 6566.000000
2002.256226 5736.000000
2003.547852 7168.000000
2004.838745 6456.000000
2006.128052 6258.000000
2007.417114 6785.000000
2008.705444 5925.000000
2009.993042 6052.000000
2011.279785 6852.000000
2012.565430 5625.000000
2013.850708 6242.000000
2015.135010 6007.000000
2016.418701 5633.000000
2017.701050 6013.000000
2018.983032 6487.000000
2020.264526 6720.000000
2021.545044 5851.000000
2022.824829 6075.000000
2024.103516 6766.000000
2025.381470 5822.000000
2026.658936 5905.000000
2027.935791 6319.000000
2029.210938 5767.000000
2030.486206 6564.000000
2031.760498 6029.000000
2033.033813 5994.000000
2034.306274 5903.000000
2035.578369 6138.000000
2036.849365 6925.000000
2038.120117 6618.000000
2039.389526 6016.000000
2040.657837 6743.000000
2041.926147 6617.000000
2043.193481 5903.000000
2044.460083 5953.000000
2045.725464 5696.000000
2046.990234 5787.000000
2048.254639 5351.000000
2049.518066 5878.000000
2050.781006 6383.000000
2052.041992 6128.000000
2053.303467 6098.000000
2054.563721 5891.000000
2055.823242 6457.000000
2057.082031 6259.000000
2058.339844 6933.000000
2059.597168 6185.000000
2060.853760 5963.000000
2062.108887 6474.000000
2063.364014 5607.000000
2064.618164 5590.000000
2065.871582 5598.000000
2067.124268 6834.000000
2068.375732 6288.000000
2069.626953 6375.000000
2070.877441 5645.000000
2072.127197 5424.000000
2073.375488 6121.000000
2074.623779 6533.000000
2075.871094 7438.000000
2077.117676 5566.000000
2078.363525 6017.000000
2079.608154 7078.000000
2080.852295 7611.000000
2082.095947 5469.000000
2083.338623 6093.000000
2084.580078 6946.000000
2085.821289 5981.000000
2087.062012 6331.000000
2088.301758 6794.000000
2089.540283 6967.000000
2090.778320 6165.000000
2092.015625 5786.000000
2093.252686 6670.000000
2094.488281 6117.000000
2095.723145 6231.000000
2096.957764 6071.000000
2098.191406 5636.000000
2099.424072 6056.000000
2100.656006 6847.000000
2101.887451 6402.000000
2103.117920 6771.000000
2104.347656 6045.000000
2105.577148 6036.000000
2106.804688 6026.000000
2108.032471 5996.000000
2109.259521 6294.000000
2110.485596 5483.000000
2111.710205 6392.000000
2112.935059 6936.000000
2114.158691 7017.000000
2115.381836 6265.000000
2116.603760 7546.000000
2117.825439 6049.000000
2119.046143 6816.000000
2120.266113 6050.000000
2121.485596 6119.000000
2122.703613 6617.000000
2123.921631 7007.000000
2125.138672 5801.000000
2126.355225 5821.000000
2127.570068 6595.000000
2128.785156 6350.000000
2129.999268 6938.000000
2131.212646 5603.000000
2132.425293 6143.000000
2133.636475 5806.000000
2134.847900 6545.000000
2136.058105 6564.000000
2137.267822 5963.000000
2138.476074 6146.000000
2139.684326 5681.000000
2140.891846 5827.000000
2142.098145 7449.000000
2143.303711 5842.000000
2144.509033 5729.000000
2145.713379 5523.000000
2146.916992 6367.000000
2148.120117 6243.000000
2149.321777 6460.000000
2150.523193 5306.000000
2151.723877 6267.000000
2152.923828 6110.000000
2154.122559 5982.000000
2155.321045 6957.000000
2156.519043 6136.000000
2157.716064 6006.000000
2158.912354 5208.000000
2160.107422 5261.000000
2161.302246 6090.000000
2162.496338 5540.000000
2163.689453 6128.000000
2164.881592 6876.000000
2166.073486 5919.000000
2167.264648 6316.000000
2168.454834 6285.000000
2169.644287 6497.000000
2170.833252 6808.000000
2172.021240 5991.000000
2173.208984 5736.000000
2174.395264 5890.000000
2175.580811 6523.000000
2176.766113 5976.000000
2177.950928 5794.000000
2179.134521 6368.000000
2180.317383 7545.000000
2181.499268 6314.000000
2182.680908 5953.000000
2183.862061 6604.000000
2185.041992 5692.000000
2186.220947 5598.000000
2187.399414 6237.000000
2188.577637 6907.000000
2189.754639 7164.000000
2190.930664 6772.000000
2192.106445 6056.000000
2193.281738 5595.000000
2194.455566 6659.000000
2195.628906 6208.000000
2196.802002 6148.000000
2197.973877 6481.000000
2199.145264 7102.000000
2200.316162 6323.000000
2201.485352 6873.000000
2202.654541 7593.000000
2203.823242 6298.000000
2204.990967 5893.000000
2206.157715 5630.000000
2207.323730 7115.000000
2208.489258 6686.000000
2209.654541 5992.000000
2210.818359 6770.000000
2211.981689 5428.000000
2213.143799 6239.000000
2214.306152 6209.000000
2215.467285 6665.000000
2216.627441 6721.000000
2217.787109 6257.000000
2218.946533 6574.000000
2220.104736 6322.000000
2221.261963 6282.000000
2222.418945 6786.000000
2223.575195 6598.000000
2224.730713 6773.000000
2225.885498 6241.000000
2227.039307 6408.000000
2228.192139 6060.000000
2229.345459 6925.000000
2230.496826 6230.000000
2231.647949 6086.000000
2232.798340 6488.000000
2233.948242 7632.000000
2235.097168 6271.000000
2236.245605 5168.000000
2237.392578 6761.000000
2238.539795 7076.000000
2239.685791 6093.000000
2240.831543 7146.000000
2241.975586 7316.000000
2243.119873 6775.000000
2244.263184 6196.000000
2245.405762 5958.000000
2246.547363 5801.000000
2247.688721 5781.000000
2248.829102 6319.000000
2249.968750 6472.000000
2251.107910 5824.000000
2252.245850 5806.000000
2253.383789 6154.000000
2254.520752 5366.000000
2255.656982 6353.000000
2256.792236 6113.000000
2257.926758 7192.000000
2259.061035 6352.000000
2260.194824 5408.000000
2261.327148 6135.000000
2262.458984 6843.000000
2263.590332 6332.000000
2264.720703 6508.000000
2265.850830 8065.000000
2266.979736 6679.000000
2268.108154 6018.000000
2269.236084 5536.000000
2270.363037 6120.000000
2271.489258 5970.000000
2272.614502 6707.000000
2273.739746 6573.000000
2274.864258 6424.000000
2275.987549 5905.000000
2277.110107 6321.000000
2278.232178 5951.000000
2279.353760 7386.000000
2280.474609 6336.000000
2281.594238 6366.000000
2282.713379 7147.000000
2283.832275 7618.000000
2284.950439 7220.000000
2286.067627 5904.000000
2287.183838 6381.000000
2288.299805 7047.000000
2289.415039 6864.000000
2290.529541 7437.000000
2291.642822 5836.000000
2292.756104 6339.000000
2293.868652 6015.000000
2294.980469 5360.000000
2296.091553 6798.000000
2297.201416 6416.000000
2298.310791 6103.000000
2299.419922 6727.000000
2300.528076 6304.000000
2301.635254 6753.000000
2302.742188 5900.000000
2303.848389 6274.000000
2304.954102 6587.000000
2306.058350 6636.000000
2307.162354 5451.000000
2308.265869 5728.000000
2309.368896 6497.000000
2310.470703 7443.000000
2311.571777 7269.000000
2312.672363 6622.000000
2313.772461 5524.000000
2314.871826 6339.000000
2315.969727 6606.000000
2317.068115 7011.000000
2318.165039 8189.000000
2319.261719 6837.000000
2320.357910 5731.000000
2321.452393 6833.000000
2322.546875 7598.000000
2323.640625 5774.000000
2324.734131 6038.000000
2325.825928 6474.000000
2326.917725 6890.000000
2328.008789 6073.000000
2329.099121 6244.000000
2330.188477 6933.000000
2331.277832 6008.000000
2332.365967 6296.000000
2333.453613 6806.000000
2334.541016 6528.000000
2335.626709 6735.000000
2336.712158 7796.000000
2337.797363 6248.000000
2338.881592 6725.000000
2339.964844 5909.000000
2341.047852 6407.000000
2342.129883 7053.000000
2343.211670 5992.000000
2344.292725 7463.000000
2345.372559 6683.000000
2346.451904 5778.000000
2347.530762 6803.000000
2348.609131 6521.000000
2349.686035 6255.000000
2350.762695 6946.000000
2351.839111 6028.000000
2352.914551 6446.000000
2353.989014 5847.000000
2355.063232 6310.000000
2356.136719 6765.000000
2357.209717 6201.000000
2358.281494 7017.000000
2359.353027 6282.000000
2360.423584 6744.000000
2361.493896 7502.000000
2362.563232 7602.000000
2363.631592 6803.000000
2364.699707 6701.000000
2365.767090 7080.000000
2366.833984 7169.000000
2367.900146 6109.000000
2368.965088 6898.000000
2370.030029 7038.000000
2371.094238 6297.000000
2372.157715 6902.000000
2373.219971 5875.000000
2374.282227 6261.000000
2375.343506 6344.000000
2376.404541 5967.000000
2377.464355 6220.000000
2378.523438 7899.000000
2379.582520 6454.000000
2380.640625 7608.000000
2381.697998 6954.000000
2382.754395 8040.000000
2383.810547 7814.000000
2384.866211 6252.000000
2385.921143 7097.000000
2386.974609 6717.000000
2388.028320 6497.000000
2389.081055 6224.000000
2390.133301 6769.000000
2391.184814 6139.000000
2392.235352 6679.000000
2393.285645 6519.000000
2394.334961 6329.000000
2395.384277 6182.000000
2396.432129 6970.000000
2397.479492 6955.000000
2398.526611 6263.000000
2399.572754 6662.000000
2400.618164 6173.000000
2401.662842 6792.000000
2402.707520 7682.000000
2403.750732 7510.000000
2404.793945 6616.000000
2405.835693 5759.000000
2406.877686 6681.000000
2407.918945 7093.000000
2408.959229 6036.000000
2409.998779 6424.000000
2411.037354 6362.000000
2412.076172 5898.000000
2413.113770 6502.000000
2414.151123 6856.000000
2415.187256 7377.000000
2416.223145 6184.000000
2417.258301 6276.000000
2418.292969 6673.000000
2419.326172 7224.000000
2420.359619 6454.000000
2421.392090 6712.000000
2422.424316 6849.000000
2423.455078 7082.000000
2424.485840 6372.000000
2425.516113 6836.000000
2426.545166 6800.000000
2427.574219 6595.000000
2428.601563 7445.000000
2429.629395 6681.000000
2430.656006 7296.000000
2431.682373 6961.000000
2432.707275 7735.000000
2433.732422 6530.000000
2434.756592 7110.000000
2435.780518 6760.000000
2436.803223 5779.000000
2437.825195 6295.000000
2438.846924 6689.000000
2439.867920 6636.000000
2440.888428 6061.000000
2441.907715 6470.000000
2442.927002 6519.000000
2443.945313 8467.000000
2444.963379 6249.000000
2445.979980 6478.000000
2446.996582 6540.000000
2448.012451 5971.000000
2449.028320 6939.000000
2450.042725 6791.000000
2451.056396 5564.000000
2452.069580 7232.000000
2453.082520 5963.000000
2454.094727 7186.000000
2455.105957 6714.000000
2456.116943 7676.000000
2457.127197 6376.000000
2458.136963 7582.000000
2459.145752 5877.000000
2460.153809 5969.000000
2461.161865 6333.000000
2462.168701 7389.000000
2463.175293 5417.000000
2464.180664 7387.000000
2465.185791 6922.000000
2466.190674 5847.000000
2467.194336 6514.000000
2468.197754 6386.000000
2469.200195 7531.000000
2470.202393 7308.000000
2471.204102 6883.000000
2472.204834 6584.000000
2473.204590 6940.000000
2474.204346 6715.000000
2475.203125 5616.000000
2476.201416 6551.000000
2477.198730 7064.000000
2478.195801 6172.000000
2479.192871 6970.000000
2480.188477 5821.000000
2481.184082 7103.000000
2482.177979 6673.000000
2483.171875 8080.000000
2484.165283 6841.000000
2485.158203 6915.000000
2486.150146 7506.000000
2487.141357 7151.000000
2488.132324 6741.000000
2489.122803 5822.000000
2490.112305 6598.000000
2491.101074 6509.000000
2492.089844 5647.000000
2493.077637 6783.000000
2494.064209 6597.000000
2495.050781 8084.000000
2496.036865 6699.000000
2497.022217 7030.000000
2498.006592 7983.000000
2498.990723 6019.000000
2499.974854 6837.000000
2500.957520 5763.000000
2501.939697 7016.000000
2502.921387 6898.000000
2503.902344 7266.000000
2504.882813 6546.000000
2505.863037 5746.000000
2506.841797 6332.000000
2507.820313 7521.000000
2508.798340 6696.000000
2509.775879 7036.000000
2510.752441 6104.000000
2511.728760 5900.000000
2512.704346 6410.000000
2513.679443 6161.000000
2514.654053 6501.000000
2515.627441 7536.000000
2516.600586 6773.000000
2517.573486 6889.000000
2518.545410 6050.000000
2519.516602 6858.000000
2520.487305 6953.000000
2521.457764 7727.000000
2522.427490 8042.000000
2523.396240 6037.000000
2524.364258 6145.000000
2525.332275 7566.000000
2526.299316 6310.000000
2527.266113 5496.000000
2528.231689 7227.000000
2529.197266 7015.000000
2530.162109 7701.000000
2531.126465 6356.000000
2532.089600 6301.000000
2533.052979 5950.000000
2534.015381 5983.000000
2534.977539 6686.000000
2535.938477 6361.000000
2536.898682 6090.000000
2537.859131 6092.000000
2538.818604 6707.000000
2539.777344 6817.000000
2540.735107 6674.000000
2541.693115 6217.000000
2542.650391 6800.000000
2543.606689 6031.000000
2544.562744 7099.000000
2545.517578 6196.000000
2546.472656 7726.000000
2547.427002 7037.000000
2548.380615 6530.000000
2549.333252 7195.000000
2550.285645 6776.000000
2551.237549 6893.000000
2552.188721 6391.000000
2553.139160 7844.000000
2554.089111 7307.000000
2555.038818 7420.000000
2555.987793 6594.000000
2556.936279 6162.000000
2557.883545 7104.000000
2558.830811 6287.000000
2559.777344 6576.000000
2560.723389 6765.000000
2561.668457 7556.000000
2562.613281 6672.000000
2563.557617 7199.000000
2564.501465 6813.000000
2565.444824 6586.000000
2566.386719 6640.000000
2567.328857 6545.000000
2568.270264 6154.000000
2569.210938 7131.000000
2570.150879 7284.000000
2571.090820 5672.000000
2572.029785 6110.000000
2572.968506 7536.000000
2573.906250 7267.000000
2574.843750 5504.000000
2575.780518 6928.000000
2576.716553 6768.000000
2577.652100 7484.000000
2578.586914 6319.000000
2579.521729 6005.000000
2580.455566 7025.000000
2581.388916 7056.000000
2582.321533 5801.000000
2583.253906 6874.000000
2584.185547 5466.000000
2585.116699 7034.000000
2586.047363 7033.000000
2586.976807 6838.000000
2587.906250 7212.000000
2588.835205 6444.000000
2589.763916 7569.000000
2590.690918 7334.000000
2591.618164 5865.000000
2592.544922 6797.000000
2593.470947 6265.000000
2594.396729 5626.000000
2595.321289 7564.000000
2596.245605 7674.000000
2597.169434 5358.000000
2598.092773 7247.000000
2599.015137 6229.000000
2599.937256 6845.000000
2600.858887 8360.000000
2601.779785 6385.000000
2602.699951 5767.000000
2603.619873 6302.000000
2604.539307 6406.000000
2605.458496 6405.000000
2606.376709 5835.000000
2607.293701 6023.000000
2608.210938 7268.000000
2609.127930 5849.000000
2610.043945 7574.000000
2610.958740 6667.000000
2611.874023 6566.000000
2612.788574 6540.000000
2613.702148 6526.000000
2614.615723 6132.000000
2615.528076 7650.000000
2616.440430 7052.000000
2617.351807 6805.000000
2618.262939 5765.000000
2619.173340 7213.000000
2620.083496 6620.000000
2620.992920 6125.000000
2621.901855 6623.000000
2622.809814 6222.000000
2623.718018 6850.000000
2624.625244 6649.000000
2625.531982 7066.000000
2626.437988 6051.000000
2627.343750 6556.000000
2628.248779 6440.000000
2629.153564 7811.000000
2630.057617 6488.000000
2630.960693 6407.000000
2631.863770 6461.000000
2632.765869 5617.000000
2633.667969 6779.000000
2634.569824 7012.000000
2635.469971 6734.000000
2636.370361 6398.000000
2637.270020 6399.000000
2638.169434 5995.000000
2639.067383 6901.000000
2639.965820 6773.000000
2640.863770 6397.000000
2641.760986 6139.000000
2642.656982 6158.000000
2643.552979 6915.000000
2644.448730 6035.000000
2645.343750 6467.000000
2646.238525 6638.000000
2647.131836 7213.000000
2648.025146 6298.000000
2648.918213 6734.000000
2649.811035 6454.000000
2650.702148 7481.000000
2651.593506 6350.000000
2652.484375 7581.000000
2653.374512 7237.000000
2654.264404 6552.000000
2655.153076 7355.000000
2656.041992 6617.000000
2656.930420 6587.000000
2657.817871 7338.000000
2658.704346 6476.000000
2659.591309 7087.000000
2660.477539 6846.000000
2661.363281 6750.000000
2662.247803 6445.000000
2663.132324 6400.000000
2664.016602 6150.000000
2664.900146 7064.000000
2665.783203 7748.000000
2666.665527 7286.000000
2667.547363 6236.000000
2668.428467 6605.000000
2669.309814 6064.000000
2670.189697 6577.000000
2671.069824 7360.000000
2671.949219 7209.000000
2672.828613 6359.000000
2673.707275 6117.000000
2674.584229 6383.000000
2675.461914 6765.000000
2676.338867 6370.000000
2677.215088 8135.000000
2678.090820 7151.000000
2678.965820 6274.000000
2679.841064 7718.000000
2680.715332 6980.000000
2681.589111 7334.000000
2682.462158 7007.000000
2683.334961 6177.000000
2684.207520 6064.000000
2685.079346 6892.000000
2685.950439 6564.000000
2686.821289 6867.000000
2687.691650 7107.000000
2688.561768 6673.000000
2689.430176 6360.000000
2690.299316 7321.000000
2691.167725 7122.000000
2692.035889 6614.000000
2692.903320 6950.000000
2693.769531 5884.000000
2694.636230 7174.000000
2695.501953 7376.000000
2696.367676 7112.000000
2697.231934 7884.000000
2698.096924 6641.000000
2698.960449 7200.000000
2699.824219 5788.000000
2700.686523 7428.000000
2701.549316 6817.000000
2702.411133 5875.000000
2703.272461 6829.000000
2704.133789 6661.000000
2704.993896 7449.000000
2705.854004 7282.000000
2706.713623 6602.000000
2707.572998 6806.000000
2708.430664 7126.000000
2709.288574 6862.000000
2710.146973 7328.000000
2711.004150 6741.000000
2711.860596 5968.000000
2712.716553 6825.000000
2713.572510 6048.000000
2714.427734 6925.000000
2715.282227 6154.000000
2716.136230 6857.000000
2716.990234 7322.000000
2717.843262 6273.000000
2718.696533 6594.000000
2719.548096 7732.000000
2720.400146 6782.000000
2721.251953 6285.000000
2722.102539 6507.000000
2722.953125 6388.000000
2723.803223 7181.000000
2724.652588 6969.000000
2725.501953 6970.000000
2726.350098 6659.000000
2727.197754 6596.000000
2728.045898 7031.000000
2728.892822 6814.000000
2729.740234 5457.000000
2730.586182 7478.000000
2731.431396 6989.000000
2732.277100 6507.000000
2733.121826 6977.000000
2733.966553 7375.000000
2734.810059 6856.000000
2735.653809 7771.000000
2736.496826 7062.000000
2737.339355 6014.000000
2738.180908 6282.000000
2739.022949 6816.000000
2739.864014 6831.000000
2740.704834 5821.000000
2741.545410 5921.000000
2742.384766 7761.000000
2743.224121 6809.000000
2744.063477 6954.000000
2744.901611 6791.000000
2745.739258 7839.000000
2746.576904 6375.000000
2747.414063 7135.000000
2748.250977 6168.000000
2749.087402 5939.000000
2749.922607 6690.000000
2750.758057 6338.000000
2751.593018 6318.000000
2752.427246 6244.000000
2753.261230 6886.000000
2754.094727 6848.000000
2754.928223 8004.000000
2755.760742 6765.000000
2756.592773 7288.000000
2757.424316 6805.000000
2758.255859 7128.000000
2759.086426 7297.000000
2759.917236 7222.000000
2760.746826 7220.000000
2761.576416 6567.000000
2762.405762 7280.000000
2763.234375 6798.000000
2764.062500 6777.000000
2764.890137 6909.000000
2765.717773 6630.000000
2766.544922 7961.000000
2767.371338 5769.000000
2768.197266 7462.000000
2769.022705 6878.000000
2769.847900 7797.000000
2770.673096 7119.000000
2771.497070 6723.000000
2772.321045 6516.000000
2773.145020 7648.000000
2773.967773 6662.000000
2774.790771 6983.000000
2775.612549 6923.000000
2776.434326 6952.000000
2777.256104 6420.000000
2778.076904 8041.000000
2778.896973 6619.000000
2779.717285 6974.000000
2780.537109 7332.000000
2781.356934 6472.000000
2782.174805 5994.000000
2782.993896 8067.000000
2783.811768 6513.000000
2784.629395 6764.000000
2785.446533 7217.000000
2786.263184 7176.000000
2787.079590 7186.000000
2787.895508 6271.000000
2788.711182 5933.000000
2789.525879 6431.000000
2790.341064 6965.000000
2791.155518 7161.000000
2791.969482 6559.000000
2792.783203 7374.000000
2793.595703 8810.000000
2794.408447 6946.000000
2795.220703 7470.000000
2796.032471 7158.000000
2796.843506 7337.000000
2797.655273 6549.000000
2798.465820 7280.000000
2799.276367 7057.000000
2800.085449 7380.000000
2800.895264 8143.000000
2801.704346 7810.000000
2802.513184 6653.000000
2803.321533 7259.000000
2804.128906 6168.000000
2804.936768 6446.000000
2805.743896 7005.000000
2806.550781 6987.000000
2807.356445 7155.000000
2808.162598 6669.000000
2808.968018 6485.000000
2809.773438 7291.000000
2810.578125 6179.000000
2811.381836 7655.000000
2812.186035 7487.000000
2812.989746 6346.000000
2813.793213 6126.000000
2814.595215 6626.000000
2815.397949 7315.000000
2816.199951 7887.000000
2817.001709 6180.000000
2817.802979 6485.000000
2818.603760 7176.000000
2819.404053 6542.000000
2820.204590 6646.000000
2821.004150 8044.000000
2821.803223 7183.000000
2822.602295 6472.000000
2823.401123 6884.000000
2824.199463 6304.000000
2824.996826 7073.000000
2825.794434 7374.000000
2826.591309 6728.000000
2827.388428 7345.000000
2828.184814 7904.000000
2828.980469 7210.000000
2829.776123 7349.000000
2830.571533 7548.000000
2831.366455 7418.000000
2832.160645 6657.000000
2832.954834 6793.000000
2833.748779 5635.000000
2834.542236 6820.000000
2835.334961 7137.000000
2836.127441 8139.000000
2836.919922 7687.000000
2837.712158 7499.000000
2838.503906 6484.000000
2839.294678 6798.000000
2840.085449 8874.000000
2840.876465 7403.000000
2841.666504 6214.000000
2842.456055 7681.000000
2843.245850 7120.000000
2844.034668 7301.000000
2844.823486 7779.000000
2845.612305 7733.000000
2846.400146 7490.000000
2847.187500 7273.000000
2847.975098 7494.000000
2848.762207 7363.000000
2849.548584 6579.000000
2850.334961 7457.000000
2851.121094 7194.000000
2851.906738 7533.000000
2852.691406 7211.000000
2853.476563 6906.000000
2854.261475 7502.000000
2855.045654 7109.000000
2855.829834 6934.000000
2856.612793 8242.000000
2857.395996 6845.000000
2858.178955 6793.000000
2858.961426 7707.000000
2859.743652 6256.000000
2860.525391 6625.000000
2861.306885 7578.000000
2862.088623 7402.000000
2862.869629 7614.000000
2863.649902 6604.000000
2864.429932 6694.000000
2865.209961 8172.000000
2865.989746 7373.000000
2866.768555 8140.000000
2867.547607 7641.000000
2868.326172 6841.000000
2869.104492 7024.000000
2869.882324 7251.000000
2870.659912 6972.000000
2871.437256 7458.000000
2872.214355 6887.000000
2872.990967 6433.000000
2873.767090 7487.000000
2874.543213 7145.000000
2875.318848 8324.000000
2876.094238 7234.000000
2876.869141 6575.000000
2877.643799 7994.000000
2878.418457 6586.000000
2879.192871 7804.000000
2879.966553 6720.000000
2880.739502 7139.000000
2881.513184 6773.000000
2882.285889 7601.000000
2883.058594 7844.000000
2883.830566 8196.000000
2884.602295 6226.000000
2885.374512 6770.000000
2886.145508 6883.000000
2886.916016 6136.000000
2887.687012 8316.000000
2888.458008 7396.000000
2889.228271 7980.000000
2889.997559 7595.000000
2890.767090 6937.000000
2891.536621 7260.000000
2892.305664 7325.000000
2893.074219 7809.000000
2893.842773 7722.000000
2894.610352 7010.000000
2895.378418 6592.000000
2896.145996 7470.000000
2896.913574 8355.000000
2897.679932 7337.000000
2898.447266 6533.000000
2899.213379 7196.000000
2899.979736 6997.000000
2900.744629 8327.000000
2901.510010 7034.000000
2902.275879 6458.000000
2903.040283 7696.000000
2903.804688 7763.000000
2904.569336 8491.000000
2905.333008 6664.000000
2906.097412 8436.000000
2906.861084 6736.000000
2907.624023 8403.000000
2908.386719 6483.000000
2909.149902 9080.000000
2909.912598 7005.000000
2910.674072 6772.000000
2911.436035 6772.000000
