scanname Analyse038
timestamp 2017-02-10 20:48:37
ccdbias 901.219238
ccdgain 3.473401
sigmaread 8.960639
laserwavenum -0.919457
wavenumcorrection -0.396493
scancount 1
totalexposurems 10000
singleexposurems 10000
measurementstate Unknown
scanmode Manual
snr 111.375908 1.425274 1.006665
replacelist 1
671 23822.000000 9948.000000
peaks 9
397.572327 0.283770 0.000000 0.197618 0.000010
810.514465 0.269473 0.000000 0.270914 0.000029
840.209778 0.266656 0.000000 0.173875 0.000019
877.899658 0.267897 0.000000 0.212918 0.000094
1150.861450 0.237619 0.000000 0.251583 0.000079
1315.713257 0.241529 0.000000 9.352903 0.001868
1334.994629 0.244432 0.000000 6.990712 0.001048
1460.197754 0.223689 0.000000 0.289786 0.000090
2330.057617 0.109753 0.000000 0.066579 0.000126
finalresult GLS_NotPositive 7
A6025	2-Nitrothiophene	4.901595e-003
A3574	Sodium hexanitrocobaltate(III)	3.217927e-003
A9370	1,2-(Methylenedioxy)-4-nitrobenzene	1.188232e-003
A14252	2-Methyl-5-nitrophenol	7.825808e-004
A8797	6-Nitroindoline	7.519224e-004
A3222	Potassium nitrite	4.322328e-004
A8415	2-Chloro-6-methoxy-3-nitropyridine	1.081624e-004
spectrum 2048
-96.681999 46167.000000
-94.055130 46167.000000
-91.430138 46577.000000
-88.807037 46428.000000
-86.185806 47152.000000
-83.566475 46755.000000
-80.949005 47085.000000
-78.333412 46813.000000
-75.719696 47051.000000
-73.107857 47471.000000
-70.497879 47262.000000
-67.889786 47366.000000
-65.283539 47511.000000
-62.679169 47445.000000
-60.076660 47331.000000
-57.476006 47787.000000
-54.877213 47263.000000
-52.280277 46578.000000
-49.685196 46934.000000
-47.091969 46854.000000
-44.500591 47194.000000
-41.911060 46595.000000
-39.323372 47488.000000
-36.737534 47320.000000
-34.153538 46977.000000
-31.571379 47728.000000
-28.991066 47073.000000
-26.412580 47628.000000
-23.835938 47168.000000
-21.261120 47117.000000
-18.688143 46855.000000
-16.116985 46833.000000
-13.547661 46484.000000
-10.980163 45420.000000
-8.414483 46922.000000
-5.850630 46734.000000
-3.288589 47070.000000
-0.728373 47177.000000
1.830035 46757.000000
4.386622 45895.000000
6.941404 46048.000000
9.494370 46616.000000
12.045534 45705.000000
14.594886 45662.000000
17.142441 45106.000000
19.688185 45249.000000
22.232136 44557.000000
24.774282 42254.000000
27.314632 39755.000000
29.853197 36052.000000
32.389965 31970.000000
34.924931 26142.000000
37.458118 15452.000000
39.989525 9874.000000
42.519138 8895.000000
45.046955 8251.000000
47.573013 7529.000000
50.097282 6763.000000
52.619781 5835.000000
55.140484 5375.000000
57.659431 5599.000000
60.176605 6707.000000
62.692001 8174.000000
65.205620 8406.000000
67.717484 8634.000000
70.227600 6918.000000
72.735924 4810.000000
75.242493 4189.000000
77.747314 3424.000000
80.250381 2760.000000
82.751671 2376.000000
85.251221 2251.000000
87.749016 2186.000000
90.245079 2395.000000
92.739365 2671.000000
95.231911 3024.000000
97.722740 3129.000000
100.211800 3259.000000
102.699112 2530.000000
105.184700 1898.000000
107.668549 1640.000000
110.150650 1623.000000
112.631027 1345.000000
115.109680 1355.000000
117.586609 1208.000000
120.061783 1188.000000
122.535248 1206.000000
125.006981 1150.000000
127.477005 1302.000000
129.945282 1188.000000
132.411880 1336.000000
134.876724 1320.000000
137.339874 1409.000000
139.801285 1628.000000
142.261002 1852.000000
144.718994 2145.000000
147.175293 2499.000000
149.629883 2890.000000
152.082748 3316.000000
154.533936 3980.000000
156.983429 4726.000000
159.431198 5571.000000
161.877258 6371.000000
164.321640 7240.000000
166.764343 8021.000000
169.205353 8691.000000
171.644653 9137.000000
174.082245 9486.000000
176.518204 9760.000000
178.952423 9833.000000
181.384964 10062.000000
183.815857 9918.000000
186.245026 9995.000000
188.672546 10060.000000
191.098389 10046.000000
193.522552 10225.000000
195.945053 10224.000000
198.365860 10361.000000
200.785004 10613.000000
203.202484 10900.000000
205.618271 11106.000000
208.032410 11788.000000
210.444916 12322.000000
212.855743 12814.000000
215.264893 13804.000000
217.672409 14260.000000
220.078217 15357.000000
222.482437 16049.000000
224.884949 16804.000000
227.285843 17372.000000
229.685089 17944.000000
232.082672 18391.000000
234.478592 18218.000000
236.872894 18416.000000
239.265533 18572.000000
241.656555 18564.000000
244.045914 18782.000000
246.433655 18657.000000
248.819748 18612.000000
251.204208 18796.000000
253.587021 18632.000000
255.968262 18668.000000
258.347778 18583.000000
260.725739 18761.000000
263.102020 18604.000000
265.476746 18715.000000
267.849823 18407.000000
270.221252 18698.000000
272.591034 18609.000000
274.959259 18409.000000
277.325836 18374.000000
279.690826 18406.000000
282.054199 18448.000000
284.415924 18590.000000
286.776062 18330.000000
289.134583 18420.000000
291.491516 18409.000000
293.846832 18384.000000
296.200562 18560.000000
298.552643 18299.000000
300.903168 18364.000000
303.252106 18382.000000
305.599396 18116.000000
307.945160 18072.000000
310.289246 18090.000000
312.631805 17972.000000
314.972748 18072.000000
317.312073 17963.000000
319.649841 18159.000000
321.986053 17904.000000
324.320618 18112.000000
326.653625 17876.000000
328.985077 17930.000000
331.314941 17941.000000
333.643219 17821.000000
335.969879 17676.000000
338.295044 17917.000000
340.618591 17773.000000
342.940582 17842.000000
345.261017 17701.000000
347.579834 17639.000000
349.897095 17687.000000
352.212830 17741.000000
354.526978 17611.000000
356.839539 17814.000000
359.150543 17767.000000
361.460022 17581.000000
363.767975 17662.000000
366.074310 17829.000000
368.379059 17553.000000
370.682343 17806.000000
372.984009 17761.000000
375.284180 17732.000000
377.582794 17611.000000
379.879852 17833.000000
382.175354 17848.000000
384.469330 17923.000000
386.761719 18109.000000
389.052612 18039.000000
391.341980 18070.000000
393.629761 18209.000000
395.916016 18350.000000
398.200775 18363.000000
400.483917 18587.000000
402.765625 18443.000000
405.045807 18446.000000
407.324402 18252.000000
409.601471 18322.000000
411.877014 18263.000000
414.151031 18106.000000
416.423615 18197.000000
418.694580 18020.000000
420.964050 17996.000000
423.232025 17978.000000
425.498444 17931.000000
427.763367 17942.000000
430.026825 17985.000000
432.288696 17793.000000
434.549103 17793.000000
436.807953 17774.000000
439.065338 17895.000000
441.321228 17830.000000
443.575623 17701.000000
445.828491 17770.000000
448.079803 17400.000000
450.329712 17462.000000
452.578033 17356.000000
454.824921 17311.000000
457.070343 17343.000000
459.314209 17281.000000
461.556580 17223.000000
463.797455 17247.000000
466.036926 17211.000000
468.274811 17294.000000
470.511261 17411.000000
472.746185 17154.000000
474.979645 17174.000000
477.211670 16921.000000
479.442169 17080.000000
481.671173 16981.000000
483.898712 16995.000000
486.124756 16891.000000
488.349365 16954.000000
490.572510 17000.000000
492.794189 16891.000000
495.014313 17147.000000
497.233032 17166.000000
499.450256 17196.000000
501.666107 17195.000000
503.880341 17006.000000
506.093262 17134.000000
508.304596 17133.000000
510.514496 17183.000000
512.722961 17317.000000
514.930054 17316.000000
517.135559 17304.000000
519.339661 17242.000000
521.542236 17311.000000
523.743408 17246.000000
525.943237 17205.000000
528.141541 17121.000000
530.338318 17084.000000
532.533752 17026.000000
534.727661 17091.000000
536.920227 16947.000000
539.111267 16855.000000
541.300903 16936.000000
543.489136 16703.000000
545.675842 16653.000000
547.861084 16659.000000
550.045044 16322.000000
552.227417 16345.000000
554.408447 16365.000000
556.587952 16311.000000
558.766174 16101.000000
560.942871 16155.000000
563.118164 16122.000000
565.292053 15990.000000
567.464478 15978.000000
569.635498 16062.000000
571.805054 15970.000000
573.973328 16044.000000
576.140076 16065.000000
578.305359 16180.000000
580.469238 16173.000000
582.631836 16284.000000
584.792908 16272.000000
586.952576 16189.000000
589.110901 16335.000000
591.267700 16223.000000
593.423157 16292.000000
595.577209 16519.000000
597.729919 16550.000000
599.881104 16287.000000
602.030945 16418.000000
604.179443 16156.000000
606.326355 16262.000000
608.472046 16357.000000
610.616333 16399.000000
612.759155 16283.000000
614.900513 16472.000000
617.040649 16409.000000
619.179260 16141.000000
621.316589 16258.000000
623.452454 16339.000000
625.586914 16223.000000
627.719910 16054.000000
629.851746 15982.000000
631.982117 15913.000000
634.111084 16045.000000
636.238586 15906.000000
638.364807 15829.000000
640.489502 15600.000000
642.612976 15621.000000
644.735107 15462.000000
646.855774 15320.000000
648.975098 15450.000000
651.093018 15576.000000
653.209595 15429.000000
655.324768 15512.000000
657.438599 15228.000000
659.550964 15119.000000
661.662109 15151.000000
663.771851 15177.000000
665.880127 15292.000000
667.987244 15185.000000
670.092896 15230.000000
672.197083 15209.000000
674.300049 15189.000000
676.401611 15239.000000
678.501831 15374.000000
680.600647 15289.000000
682.698120 15541.000000
684.794312 15567.000000
686.889038 15522.000000
688.982544 15307.000000
691.074707 15150.000000
693.165344 15510.000000
695.254761 15678.000000
697.342896 15684.000000
699.429565 15718.000000
701.515015 15556.000000
703.598938 15608.000000
705.681641 15443.000000
707.763062 15628.000000
709.843018 15204.000000
711.921753 14652.000000
713.999023 14737.000000
716.075012 14801.000000
718.149719 14848.000000
720.223145 14648.000000
722.295044 15141.000000
724.365784 15157.000000
726.435181 14925.000000
728.503174 14792.000000
730.569824 14679.000000
732.635254 14526.000000
734.699341 14587.000000
736.762085 14566.000000
738.823486 14456.000000
740.883606 14550.000000
742.942322 14540.000000
744.999817 14298.000000
747.056030 14412.000000
749.110840 14204.000000
751.164368 14204.000000
753.216492 14232.000000
755.267395 14280.000000
757.317078 14185.000000
759.365295 14152.000000
761.412292 14216.000000
763.458008 14001.000000
765.502319 14129.000000
767.545349 14437.000000
769.587158 13301.000000
771.627625 14065.000000
773.666687 13954.000000
775.704590 14030.000000
777.741150 14106.000000
779.776489 14150.000000
781.810486 14247.000000
783.843079 14084.000000
785.874512 14501.000000
787.904541 14055.000000
789.933289 14340.000000
791.960876 14333.000000
793.987122 14489.000000
796.011963 14462.000000
798.035706 14567.000000
800.058044 14751.000000
802.079163 14786.000000
804.098938 14697.000000
806.117432 14955.000000
808.134705 14743.000000
810.150574 14945.000000
812.165283 14839.000000
814.178650 14754.000000
816.190796 14418.000000
818.201721 14494.000000
820.211304 14379.000000
822.219666 14185.000000
824.226624 14100.000000
826.232361 13907.000000
828.236877 13985.000000
830.240112 13814.000000
832.242065 13850.000000
834.242737 13697.000000
836.242188 13785.000000
838.240295 13867.000000
840.237305 13825.000000
842.232910 13852.000000
844.227356 13698.000000
846.220459 13641.000000
848.212341 13431.000000
850.202881 13325.000000
852.192139 13279.000000
854.180359 13072.000000
856.167175 13306.000000
858.152771 13050.000000
860.137085 12995.000000
862.120300 13049.000000
864.102112 13040.000000
866.082703 13059.000000
868.062012 12947.000000
870.040161 13077.000000
872.016968 13314.000000
873.992493 13401.000000
875.966980 13650.000000
877.940002 13811.000000
879.911987 13865.000000
881.882629 13916.000000
883.852112 13854.000000
885.820251 13772.000000
887.787231 13637.000000
889.752869 13619.000000
891.717346 13528.000000
893.680603 13551.000000
895.642639 13412.000000
897.603394 13435.000000
899.562927 13258.000000
901.521179 13181.000000
903.478333 13153.000000
905.434326 13276.000000
907.388916 13233.000000
909.342285 13156.000000
911.294495 13077.000000
913.245483 12915.000000
915.195190 12833.000000
917.143738 12774.000000
919.091064 12920.000000
921.037109 12663.000000
922.981873 12467.000000
924.925598 12282.000000
926.868164 12172.000000
928.809448 12132.000000
930.749390 11954.000000
932.688232 11786.000000
934.625793 11912.000000
936.562134 11831.000000
938.497314 11817.000000
940.431213 11980.000000
942.364014 11956.000000
944.295593 11787.000000
946.226013 11829.000000
948.155212 11910.000000
950.083069 11848.000000
952.009888 11992.000000
953.935425 11950.000000
955.859680 12007.000000
957.782837 12060.000000
959.704834 11967.000000
961.625549 12048.000000
963.545105 12199.000000
965.463501 12237.000000
967.380859 12380.000000
969.296753 12422.000000
971.211548 12352.000000
973.125122 12394.000000
975.037537 12470.000000
976.948730 12304.000000
978.858765 12280.000000
980.767517 12212.000000
982.675232 12196.000000
984.581726 12231.000000
986.487000 12199.000000
988.391174 12040.000000
990.294128 12079.000000
992.195862 12112.000000
994.096436 12361.000000
995.995850 12101.000000
997.894043 12072.000000
999.791077 11841.000000
1001.686890 11635.000000
1003.581543 11357.000000
1005.475098 11427.000000
1007.367371 11432.000000
1009.258728 11269.000000
1011.148743 11150.000000
1013.037537 11109.000000
1014.925171 10891.000000
1016.811646 10964.000000
1018.696960 10967.000000
1020.581116 11153.000000
1022.464050 11078.000000
1024.345947 11067.000000
1026.226563 11033.000000
1028.106079 11034.000000
1029.984619 11053.000000
1031.861816 11092.000000
1033.737671 11065.000000
1035.612549 11161.000000
1037.486450 11149.000000
1039.358887 11313.000000
1041.230347 11040.000000
1043.100464 11002.000000
1044.969604 11179.000000
1046.837524 11169.000000
1048.704346 11203.000000
1050.570068 11240.000000
1052.434570 11228.000000
1054.297974 11347.000000
1056.160034 11175.000000
1058.021118 11258.000000
1059.881104 11340.000000
1061.739746 11304.000000
1063.597290 11434.000000
1065.453735 11257.000000
1067.309082 11325.000000
1069.163208 11264.000000
1071.016479 11232.000000
1072.868286 11216.000000
1074.719116 11290.000000
1076.568726 11275.000000
1078.417114 11252.000000
1080.264648 11109.000000
1082.110840 11244.000000
1083.955811 11079.000000
1085.799927 11030.000000
1087.642700 11108.000000
1089.484253 11247.000000
1091.325073 11059.000000
1093.164307 10911.000000
1095.002808 11068.000000
1096.839966 10793.000000
1098.675903 10865.000000
1100.510864 10619.000000
1102.344604 10398.000000
1104.177368 10243.000000
1106.008789 10333.000000
1107.839355 10534.000000
1109.668579 10185.000000
1111.496826 10056.000000
1113.323853 9955.000000
1115.149902 9935.000000
1116.974731 9928.000000
1118.798462 9919.000000
1120.620972 10075.000000
1122.442383 10141.000000
1124.262939 9969.000000
1126.082031 9912.000000
1127.900269 10095.000000
1129.717163 10106.000000
1131.533203 10146.000000
1133.348022 10125.000000
1135.161743 10145.000000
1136.974365 10105.000000
1138.785767 10196.000000
1140.596191 10353.000000
1142.405518 10386.000000
1144.213501 10551.000000
1146.020752 10570.000000
1147.826538 10680.000000
1149.631470 10666.000000
1151.435303 10667.000000
1153.237915 10718.000000
1155.039673 10577.000000
1156.839966 10495.000000
1158.639282 10475.000000
1160.437622 10470.000000
1162.234619 10469.000000
1164.030884 10434.000000
1165.825806 10289.000000
1167.619629 10254.000000
1169.412598 10009.000000
1171.204224 9819.000000
1172.994873 9815.000000
1174.784546 9803.000000
1176.572754 9901.000000
1178.360107 9906.000000
1180.146362 9922.000000
1181.931519 9690.000000
1183.715576 9722.000000
1185.498535 9695.000000
1187.280518 9688.000000
1189.061279 9731.000000
1190.841064 9637.000000
1192.619751 9520.000000
1194.397461 9603.000000
1196.173950 9512.000000
1197.949341 9306.000000
1199.723633 9182.000000
1201.496826 9205.000000
1203.269165 8969.000000
1205.040161 9120.000000
1206.810303 9128.000000
1208.579224 9033.000000
1210.347046 8901.000000
1212.114014 9030.000000
1213.879639 9008.000000
1215.644287 9096.000000
1217.407837 9111.000000
1219.170288 9063.000000
1220.931885 8959.000000
1222.692261 9085.000000
1224.451538 8965.000000
1226.209961 8911.000000
1227.967163 8977.000000
1229.723267 9074.000000
1231.478271 9095.000000
1233.232422 9058.000000
1234.985229 9183.000000
1236.737061 9145.000000
1238.488037 9169.000000
1240.237671 9305.000000
1241.986450 9267.000000
1243.733887 9311.000000
1245.480591 9218.000000
1247.226074 9362.000000
1248.970703 9251.000000
1250.713989 9242.000000
1252.456299 9327.000000
1254.197510 9152.000000
1255.937866 9000.000000
1257.677124 8991.000000
1259.415161 8712.000000
1261.152344 8495.000000
1262.888306 8636.000000
1264.623291 8811.000000
1266.357300 8774.000000
1268.090332 8985.000000
1269.822144 9126.000000
1271.552979 9211.000000
1273.282593 9347.000000
1275.011353 9379.000000
1276.739014 9357.000000
1278.465576 9304.000000
1280.191284 9358.000000
1281.915649 9254.000000
1283.639160 9177.000000
1285.361694 9125.000000
1287.083252 9095.000000
1288.803589 9113.000000
1290.522949 9111.000000
1292.241211 9014.000000
1293.958496 9137.000000
1295.674805 9090.000000
1297.389893 9022.000000
1299.104004 9009.000000
1300.817139 8907.000000
1302.529419 8882.000000
1304.240479 8588.000000
1305.950562 8627.000000
1307.659546 8669.000000
1309.367310 8630.000000
1311.074463 8500.000000
1312.780151 8501.000000
1314.485107 8451.000000
1316.189087 8605.000000
1317.891846 8812.000000
1319.593628 8752.000000
1321.294556 8749.000000
1322.994141 5595.500000
1324.692871 2442.000000
1326.390869 8432.000000
1328.087524 8337.000000
1329.783081 8461.000000
1331.477783 8333.000000
1333.171265 8384.000000
1334.863892 8237.000000
1336.555664 8174.000000
1338.246094 8114.000000
1339.935791 8067.000000
1341.624390 7981.000000
1343.311890 8157.000000
1344.998413 8049.000000
1346.683838 8015.000000
1348.368286 8034.000000
1350.051880 7970.000000
1351.734253 8127.000000
1353.415649 8190.000000
1355.096191 8273.000000
1356.775513 8376.000000
1358.454224 8385.000000
1360.131592 8467.000000
1361.807861 8528.000000
1363.483154 8542.000000
1365.157715 8519.000000
1366.831055 8442.000000
1368.503418 8542.000000
1370.174805 8448.000000
1371.845215 8457.000000
1373.514526 8481.000000
1375.182861 8364.000000
1376.850342 8348.000000
1378.516724 8357.000000
1380.182129 8302.000000
1381.846558 8235.000000
1383.509766 8192.000000
1385.172363 8107.000000
1386.833618 8094.000000
1388.494019 8047.000000
1390.153320 7905.000000
1391.811646 7984.000000
1393.469238 7962.000000
1395.125610 7881.000000
1396.781128 7999.000000
1398.435425 7954.000000
1400.088867 7948.000000
1401.741211 7972.000000
1403.392822 8038.000000
1405.043213 7862.000000
1406.692505 7723.000000
1408.341064 7528.000000
1409.988525 7488.000000
1411.635010 7425.000000
1413.280640 7495.000000
1414.925293 7449.000000
1416.568726 7357.000000
1418.211304 7351.000000
1419.852783 7218.000000
1421.493408 7255.000000
1423.133057 7298.000000
1424.771606 7326.000000
1426.409302 7174.000000
1428.045898 7076.000000
1429.681519 7259.000000
1431.316406 7213.000000
1432.950195 7264.000000
1434.582886 7199.000000
1436.214600 7216.000000
1437.845459 7207.000000
1439.475220 7155.000000
1441.103882 7164.000000
1442.731934 7171.000000
1444.358887 7145.000000
1445.984619 7186.000000
1447.609741 7262.000000
1449.233765 7307.000000
1450.856812 7414.000000
1452.478882 7341.000000
1454.099854 7468.000000
1455.719849 7601.000000
1457.339111 7550.000000
1458.957031 7587.000000
1460.574341 7417.000000
1462.190674 7519.000000
1463.805786 7471.000000
1465.420044 7493.000000
1467.033447 7455.000000
1468.645752 7461.000000
1470.257202 7434.000000
1471.867798 7274.000000
1473.477173 7353.000000
1475.085571 7257.000000
1476.693115 7322.000000
1478.299683 7272.000000
1479.905518 7328.000000
1481.510132 7194.000000
1483.113892 7137.000000
1484.716431 6915.000000
1486.318359 6844.000000
1487.919067 6877.000000
1489.519043 6684.000000
1491.117920 6562.000000
1492.715942 6658.000000
1494.312866 6616.000000
1495.908936 6871.000000
1497.504028 7224.000000
1499.098145 7107.000000
1500.691528 7108.000000
1502.283813 7047.000000
1503.874878 6890.000000
1505.465454 6891.000000
1507.054688 6966.000000
1508.643311 6809.000000
1510.230835 6701.000000
1511.817261 6592.000000
1513.402954 6774.000000
1514.987549 6712.000000
1516.571289 6838.000000
1518.153931 6714.000000
1519.735840 6696.000000
1521.316650 6684.000000
1522.896729 6723.000000
1524.475586 6481.000000
1526.053589 6544.000000
1527.630859 6516.000000
1529.206909 6461.000000
1530.782227 6318.000000
1532.356445 6310.000000
1533.929932 6289.000000
1535.502197 6429.000000
1537.073730 6334.000000
1538.644287 6268.000000
1540.213989 6259.000000
1541.782471 6257.000000
1543.350220 6194.000000
1544.917114 6252.000000
1546.482788 6197.000000
1548.047729 6155.000000
1549.611572 6169.000000
1551.174805 6159.000000
1552.736694 6115.000000
1554.297974 6245.000000
1555.858154 6179.000000
1557.417603 6117.000000
1558.975952 6183.000000
1560.533569 5949.000000
1562.090088 6138.000000
1563.645386 5930.000000
1565.200073 5989.000000
1566.754028 5946.000000
1568.307007 6047.000000
1569.858643 6047.000000
1571.409546 6068.000000
1572.959717 6206.000000
1574.508911 6076.000000
1576.056763 5978.000000
1577.604126 6046.000000
1579.150513 6049.000000
1580.696045 6137.000000
1582.240601 6132.000000
1583.783936 6149.000000
1585.326660 6084.000000
1586.868530 6049.000000
1588.409302 5802.000000
1589.949097 6031.000000
1591.488159 5962.000000
1593.026123 6017.000000
1594.563599 5814.000000
1596.099731 5995.000000
1597.634766 5994.000000
1599.169312 5821.000000
1600.702881 5921.000000
1602.235596 6000.000000
1603.766724 5926.000000
1605.297607 5993.000000
1606.827637 5915.000000
1608.356445 5943.000000
1609.884155 5831.000000
1611.411255 5841.000000
1612.937622 5977.000000
1614.463013 5967.000000
1615.987549 5921.000000
1617.510742 5938.000000
1619.033203 5926.000000
1620.554932 5895.000000
1622.075806 5909.000000
1623.595215 5746.000000
1625.114136 5888.000000
1626.632324 5877.000000
1628.149658 5861.000000
1629.665894 5766.000000
1631.180786 5692.000000
1632.695190 5717.000000
1634.208862 5755.000000
1635.721436 5706.000000
1637.232788 5672.000000
1638.743774 5608.000000
1640.253662 5654.000000
1641.762695 5654.000000
1643.270386 5611.000000
1644.777710 5513.000000
1646.284180 5499.000000
1647.789673 5524.000000
1649.294312 5560.000000
1650.797485 5442.000000
1652.300049 5471.000000
1653.802246 5541.000000
1655.303101 5460.000000
1656.802856 5453.000000
1658.301758 5292.000000
1659.800293 5443.000000
1661.297607 5383.000000
1662.794189 5364.000000
1664.289185 5314.000000
1665.783936 5264.000000
1667.277832 5130.000000
1668.770752 5166.000000
1670.262329 5395.000000
1671.753418 5179.000000
1673.243896 5136.000000
1674.733276 5095.000000
1676.221191 5009.000000
1677.708862 5018.000000
1679.195557 5111.000000
1680.681396 5148.000000
1682.166382 5043.000000
1683.649902 4990.000000
1685.133179 4924.000000
1686.615601 4939.000000
1688.096924 4964.000000
1689.576782 4865.000000
1691.056396 4884.000000
1692.535278 4976.000000
1694.013184 4894.000000
1695.490112 4916.000000
1696.965820 4891.000000
1698.441162 4711.000000
1699.915283 4880.000000
1701.388794 4865.000000
1702.860840 4889.000000
1704.332642 4886.000000
1705.803467 4927.000000
1707.273438 4836.000000
1708.742065 4891.000000
1710.210205 4875.000000
1711.677612 4933.000000
1713.143921 4906.000000
1714.609619 4765.000000
1716.073608 4862.000000
1717.537476 4930.000000
1719.000488 4854.000000
1720.462524 4944.000000
1721.923340 4922.000000
1723.383545 4857.000000
1724.843018 4876.000000
1726.301636 4811.000000
1727.759277 4859.000000
1729.215576 4876.000000
1730.671631 4787.000000
1732.126709 4743.000000
1733.580811 4867.000000
1735.033691 4818.000000
1736.486328 4815.000000
1737.937866 4810.000000
1739.388672 4725.000000
1740.838501 4811.000000
1742.286987 4833.000000
1743.735107 4691.000000
1745.182373 4652.000000
1746.628906 4678.000000
1748.073853 4610.000000
1749.518555 4658.000000
1750.962402 4727.000000
1752.405396 4596.000000
1753.846924 4492.000000
1755.288208 4585.000000
1756.728638 4324.000000
1758.168091 4486.000000
1759.606567 4572.000000
1761.044067 4516.000000
1762.481079 4455.000000
1763.917114 4439.000000
1765.352295 4424.000000
1766.786011 4260.000000
1768.219604 4540.000000
1769.652222 4385.000000
1771.083984 4522.000000
1772.514893 4491.000000
1773.944580 4419.000000
1775.373535 4477.000000
1776.802002 4334.000000
1778.229492 4152.000000
1779.655640 3942.000000
1781.081543 4350.000000
1782.506348 4174.000000
1783.930542 4252.000000
1785.353271 4100.000000
1786.775513 4167.000000
1788.197021 4148.000000
1789.617798 4184.000000
1791.037598 4244.000000
1792.456055 4076.000000
1793.874023 4062.000000
1795.291382 4112.000000
1796.707886 4156.000000
1798.122925 4107.000000
1799.537598 4057.000000
1800.951660 4096.000000
1802.364502 4099.000000
1803.776733 4109.000000
1805.187622 4099.000000
1806.598022 3907.000000
1808.007690 3972.000000
1809.416382 3946.000000
1810.823975 3974.000000
1812.231079 4034.000000
1813.637329 4010.000000
1815.042603 4036.000000
1816.446777 3996.000000
1817.850586 4112.000000
1819.253418 3948.000000
1820.655396 4076.000000
1822.056763 4085.000000
1823.456665 3932.000000
1824.855957 4084.000000
1826.254761 3991.000000
1827.652710 3924.000000
1829.049316 3962.000000
1830.445313 3977.000000
1831.840576 3968.000000
1833.235229 3955.000000
1834.628906 3980.000000
1836.021240 3936.000000
1837.413086 4026.000000
1838.804321 3965.000000
1840.194580 3907.000000
1841.583618 3947.000000
1842.972290 3859.000000
1844.359985 3975.000000
1845.746948 3945.000000
1847.132568 3825.000000
1848.517944 3861.000000
1849.902466 3785.000000
1851.286255 3819.000000
1852.668945 3711.000000
1854.050415 3885.000000
1855.431396 3807.000000
1856.811890 3746.000000
1858.191406 3753.000000
1859.569458 3659.000000
1860.947388 3805.000000
1862.324341 3639.000000
1863.700562 3643.000000
1865.075928 3698.000000
1866.449829 3621.000000
1867.823608 3670.000000
1869.196533 3738.000000
1870.568359 3589.000000
1871.939209 3668.000000
1873.309692 3625.000000
1874.679077 3528.000000
1876.047974 3551.000000
1877.415283 3482.000000
1878.782471 3469.000000
1880.148682 3402.000000
1881.514160 3531.000000
1882.878906 3474.000000
1884.242065 3427.000000
1885.605103 3410.000000
1886.967285 3447.000000
1888.328613 3334.000000
1889.688599 3503.000000
1891.048218 3385.000000
1892.407227 3383.000000
1893.765259 3398.000000
1895.122437 3344.000000
1896.478394 3426.000000
1897.834106 3303.000000
1899.188843 3386.000000
1900.542725 3325.000000
1901.895508 3351.000000
1903.247803 3404.000000
1904.599365 3330.000000
1905.950073 3231.000000
1907.299561 3333.000000
1908.648560 3394.000000
1909.996704 3360.000000
1911.344238 3411.000000
1912.691040 3327.000000
1914.036255 3350.000000
1915.381226 3284.000000
1916.725464 3423.000000
1918.068848 3401.000000
1919.410889 3358.000000
1920.752686 3448.000000
1922.093628 3323.000000
1923.433838 3463.000000
1924.773071 3361.000000
1926.111328 3380.000000
1927.448975 3355.000000
1928.785889 3273.000000
1930.121948 3310.000000
1931.456787 3234.000000
1932.791260 3353.000000
1934.125000 3297.000000
1935.457886 3311.000000
1936.789307 3305.000000
1938.120850 3217.000000
1939.451050 3258.000000
1940.780762 3406.000000
1942.109619 3179.000000
1943.437256 3082.000000
1944.764404 3155.000000
1946.090820 3228.000000
1947.416504 3200.000000
1948.740845 3263.000000
1950.064941 3175.000000
1951.388184 3255.000000
1952.710693 3267.000000
1954.032104 3155.000000
1955.352539 2978.000000
1956.672363 3186.000000
1957.991821 3306.000000
1959.310303 3122.000000
1960.627441 3103.000000
1961.944214 3115.000000
1963.260254 2908.000000
1964.575562 3135.000000
1965.889404 3044.000000
1967.203003 3141.000000
1968.515869 3062.000000
1969.827881 3051.000000
1971.139282 2974.000000
1972.449341 3016.000000
1973.758911 3011.000000
1975.067749 2911.000000
1976.375977 2982.000000
1977.682861 2908.000000
1978.989136 2999.000000
1980.295044 2866.000000
1981.599731 2891.000000
1982.903931 2896.000000
1984.206909 2945.000000
1985.509521 2950.000000
1986.811157 2735.000000
1988.112183 2833.000000
1989.411621 2928.000000
1990.711182 2749.000000
1992.009644 2765.000000
1993.307617 2767.000000
1994.604004 2802.000000
1995.900391 2765.000000
1997.195801 2742.000000
1998.490479 2746.000000
1999.784302 2738.000000
2001.076904 2688.000000
2002.369019 2719.000000
2003.660645 2676.000000
2004.951538 2728.000000
2006.240845 2596.000000
2007.529907 2739.000000
2008.818237 2774.000000
2010.105835 2688.000000
2011.392578 2752.000000
2012.678223 2552.000000
2013.963501 2731.000000
2015.247803 2632.000000
2016.531494 2659.000000
2017.813843 2587.000000
2019.095825 2575.000000
2020.377319 2614.000000
2021.657837 2503.000000
2022.937622 2554.000000
2024.216309 2559.000000
2025.494263 2558.000000
2026.771729 2672.000000
2028.048584 2574.000000
2029.323730 2620.000000
2030.598999 2606.000000
2031.873291 2452.000000
2033.146606 2576.000000
2034.419067 2603.000000
2035.691162 2652.000000
2036.962158 2568.000000
2038.232910 2535.000000
2039.502319 2605.000000
2040.770630 2578.000000
2042.038940 2551.000000
2043.306274 2517.000000
2044.572876 2610.000000
2045.838257 2522.000000
2047.103027 2909.000000
2048.367676 2565.000000
2049.630859 2587.000000
2050.893799 2644.000000
2052.154785 2523.000000
2053.416260 2402.000000
2054.676514 2502.000000
2055.936035 2414.000000
2057.194824 2504.000000
2058.452637 2422.000000
2059.709961 2496.000000
2060.966553 2508.000000
2062.221680 2476.000000
2063.476807 2432.000000
2064.730957 2480.000000
2065.984375 2435.000000
2067.237061 2400.000000
2068.488525 2396.000000
2069.739746 2472.000000
2070.990234 2499.000000
2072.239990 2418.000000
2073.488281 2139.000000
2074.736572 2432.000000
2075.983887 2392.000000
2077.230469 2407.000000
2078.476318 2359.000000
2079.720947 2339.000000
2080.965088 2360.000000
2082.208740 2253.000000
2083.451416 2374.000000
2084.692871 2374.000000
2085.934082 2325.000000
2087.174805 2360.000000
2088.414551 2326.000000
2089.653076 2225.000000
2090.891113 2244.000000
2092.128418 2290.000000
2093.365479 2309.000000
2094.601074 2244.000000
2095.835938 2294.000000
2097.070557 2236.000000
2098.304199 2180.000000
2099.536865 2286.000000
2100.768799 2292.000000
2102.000244 2223.000000
2103.230713 2296.000000
2104.460449 2189.000000
2105.689941 2085.000000
2106.917480 2216.000000
2108.145264 2162.000000
2109.372314 2120.000000
2110.598389 2137.000000
2111.822998 2202.000000
2113.047852 2071.000000
2114.271484 2081.000000
2115.494629 2060.000000
2116.716553 2026.000000
2117.938232 2145.000000
2119.158936 2186.000000
2120.378906 2155.000000
2121.598389 2147.000000
2122.816406 2196.000000
2124.034424 2058.000000
2125.251465 2133.000000
2126.468018 2178.000000
2127.682861 2090.000000
2128.897949 2121.000000
2130.112061 2148.000000
2131.325439 2138.000000
2132.538086 1988.000000
2133.749268 2168.000000
2134.960693 2071.000000
2136.170898 2083.000000
2137.380615 1964.000000
2138.588867 2105.000000
2139.797119 2169.000000
2141.004639 2137.000000
2142.210938 2239.000000
2143.416504 2172.000000
2144.621826 2082.000000
2145.826172 2073.000000
2147.029785 2022.000000
2148.232910 2033.000000
2149.434570 1987.000000
2150.635986 2059.000000
2151.836670 2030.000000
2153.036621 2077.000000
2154.235352 2133.000000
2155.433838 2123.000000
2156.631836 2063.000000
2157.828857 2057.000000
2159.025146 1990.000000
2160.220215 1961.000000
2161.415039 1931.000000
2162.609131 1946.000000
2163.802246 1871.000000
2164.994385 2008.000000
2166.186279 1927.000000
2167.377441 1899.000000
2168.567627 1873.000000
2169.757080 1910.000000
2170.946045 1876.000000
2172.134033 1898.000000
2173.321777 1826.000000
2174.508057 1742.000000
2175.693604 1739.000000
2176.878906 1808.000000
2178.063721 1739.000000
2179.247314 1720.000000
2180.430176 1867.000000
2181.612061 1753.000000
2182.793701 1793.000000
2183.974854 1786.000000
2185.154785 1772.000000
2186.333740 1722.000000
2187.512207 1731.000000
2188.690430 1742.000000
2189.867432 1739.000000
2191.043457 1824.000000
2192.219238 1764.000000
2193.394531 1734.000000
2194.568359 1752.000000
2195.741699 1747.000000
2196.914795 1731.000000
2198.086670 1733.000000
2199.258057 1809.000000
2200.428955 1757.000000
2201.598145 1763.000000
2202.767334 1765.000000
2203.936035 1687.000000
2205.103760 1846.000000
2206.270508 1753.000000
2207.436523 1722.000000
2208.602051 1706.000000
2209.767334 1686.000000
2210.931152 1669.000000
2212.094482 1797.000000
2213.256592 1576.000000
2214.418945 1647.000000
2215.580078 1703.000000
2216.740234 1603.000000
2217.899902 1695.000000
2219.059326 1688.000000
2220.217529 1731.000000
2221.374756 1715.000000
2222.531738 1642.000000
2223.687988 1711.000000
2224.843506 1688.000000
2225.998291 1623.000000
2227.152100 1686.000000
2228.304932 1633.000000
2229.458252 1682.000000
2230.609619 1649.000000
2231.760742 1678.000000
2232.911133 1657.000000
2234.061035 1641.000000
2235.209961 1569.000000
2236.358398 1577.000000
2237.505371 1997.000000
2238.652588 1587.000000
2239.798584 1642.000000
2240.944336 1594.000000
2242.088379 1595.000000
2243.232666 1579.000000
2244.375977 1579.000000
2245.518555 1484.000000
2246.660156 1488.000000
2247.801514 1467.000000
2248.941895 1575.000000
2250.081543 1383.000000
2251.220703 1439.000000
2252.358643 1456.000000
2253.496582 1443.000000
2254.633545 1538.000000
2255.769775 1462.000000
2256.905029 1430.000000
2258.039551 1436.000000
2259.173828 1375.000000
2260.307617 1404.000000
2261.439941 1447.000000
2262.571777 1500.000000
2263.703125 1439.000000
2264.833496 1474.000000
2265.963623 1331.000000
2267.092529 1318.000000
2268.220947 1412.000000
2269.348877 1427.000000
2270.475830 1387.000000
2271.602051 1401.000000
2272.727295 1524.000000
2273.852539 1419.000000
2274.977051 1413.000000
2276.100342 1315.000000
2277.222900 1458.000000
2278.344971 1468.000000
2279.466553 1386.000000
2280.587402 1378.000000
2281.707031 1285.000000
2282.826172 1308.000000
2283.945068 1420.000000
2285.063232 1263.000000
2286.180420 1356.000000
2287.296631 1377.000000
2288.412598 1393.000000
2289.527832 1441.000000
2290.642334 1383.000000
2291.755615 1312.000000
2292.868896 1335.000000
2293.981445 1330.000000
2295.093262 1370.000000
2296.204346 1353.000000
2297.314209 1291.000000
2298.423584 1301.000000
2299.532715 1440.000000
2300.640869 1383.000000
2301.748047 1282.000000
2302.854980 1293.000000
2303.961182 1342.000000
2305.066895 1440.000000
2306.171143 1303.000000
2307.275146 1448.000000
2308.378662 1386.000000
2309.481689 1248.000000
2310.583496 1292.000000
2311.684570 1418.000000
2312.785156 1413.000000
2313.885254 1348.000000
2314.984619 1249.000000
2316.082520 1232.000000
2317.180908 1295.000000
2318.277832 1254.000000
2319.374512 1340.000000
2320.470703 1214.000000
2321.565186 1304.000000
2322.659668 1214.000000
2323.753418 1361.000000
2324.846924 1293.000000
2325.938721 1177.000000
2327.030518 1405.000000
2328.121582 1324.000000
2329.211914 1423.000000
2330.301270 1330.000000
2331.390625 1358.000000
2332.478760 1373.000000
2333.566406 1283.000000
2334.653809 1330.000000
2335.739502 1259.000000
2336.824951 1157.000000
2337.910156 1194.000000
2338.994385 1191.000000
2340.077637 1220.000000
2341.160645 1178.000000
2342.242676 1222.000000
2343.324463 1112.000000
2344.405518 1095.000000
2345.485352 1176.000000
2346.564697 1156.000000
2347.643555 1075.000000
2348.721924 1144.000000
2349.798828 1206.000000
2350.875488 1116.000000
2351.951904 1155.000000
2353.027344 1279.000000
2354.101807 1223.000000
2355.176025 1057.000000
2356.249512 1140.000000
2357.322510 1127.000000
2358.394287 1171.000000
2359.465820 1085.000000
2360.536377 994.000000
2361.606689 1133.000000
2362.676025 1102.000000
2363.744385 1121.000000
2364.812500 1023.000000
2365.879883 1077.000000
2366.946777 1001.000000
2368.012939 1143.000000
2369.077881 959.000000
2370.142822 1113.000000
2371.207031 1042.000000
2372.270508 1019.000000
2373.332764 1067.000000
2374.395020 1063.000000
2375.456299 1033.000000
2376.517334 1001.000000
2377.577148 1057.000000
2378.636230 1014.000000
2379.695313 1026.000000
2380.753418 994.000000
2381.810791 1051.000000
2382.867188 1118.000000
2383.923340 993.000000
2384.979004 948.000000
2386.033936 1027.000000
2387.087402 917.000000
2388.141113 1013.000000
2389.193848 985.000000
2390.246094 956.000000
2391.297607 970.000000
2392.348145 1002.000000
2393.398438 985.000000
2394.447754 933.000000
2395.497070 983.000000
2396.544922 920.000000
2397.592285 905.000000
2398.639404 954.000000
2399.685547 1055.000000
2400.730957 982.000000
2401.775635 917.000000
2402.820313 1026.000000
2403.863525 891.000000
2404.906738 999.000000
2405.948486 980.000000
2406.990479 1001.000000
2408.031738 940.000000
2409.072021 1066.000000
2410.111572 946.000000
2411.150146 1020.000000
2412.188965 981.000000
2413.226563 1025.000000
2414.263916 997.000000
2415.300049 1004.000000
2416.335938 957.000000
2417.371094 1015.000000
2418.405762 886.000000
2419.438965 1078.000000
2420.472412 932.000000
2421.504883 943.000000
2422.537109 1006.000000
2423.567871 987.000000
2424.598633 959.000000
2425.628906 923.000000
2426.657959 917.000000
2427.687012 880.000000
2428.714355 857.000000
2429.742188 890.000000
2430.768799 789.000000
2431.795166 953.000000
2432.820068 979.000000
2433.845215 917.000000
2434.869385 959.000000
2435.893311 887.000000
2436.916016 829.000000
2437.937988 894.000000
2438.959717 930.000000
2439.980713 934.000000
2441.001221 810.000000
2442.020508 927.000000
2443.039795 867.000000
2444.058105 804.000000
2445.076172 743.000000
2446.092773 841.000000
2447.109375 837.000000
2448.125244 895.000000
2449.141113 728.000000
2450.155518 778.000000
2451.169189 838.000000
2452.182373 771.000000
2453.195313 846.000000
2454.207520 873.000000
2455.218750 885.000000
2456.229736 773.000000
2457.239990 806.000000
2458.249756 784.000000
2459.258545 842.000000
2460.266602 803.000000
2461.274658 809.000000
2462.281494 773.000000
2463.288086 785.000000
2464.293457 751.000000
2465.298584 781.000000
2466.303467 779.000000
2467.307129 742.000000
2468.310547 770.000000
2469.312988 801.000000
2470.315186 771.000000
2471.316895 795.000000
2472.317627 728.000000
2473.317383 724.000000
2474.317139 773.000000
2475.315918 686.000000
2476.314209 730.000000
2477.311523 744.000000
2478.308594 800.000000
2479.305664 773.000000
2480.301270 771.000000
2481.296875 755.000000
2482.290771 805.000000
2483.284668 673.000000
2484.278076 683.000000
2485.270996 854.000000
2486.262939 730.000000
2487.254150 738.000000
2488.245117 787.000000
2489.235596 711.000000
2490.225098 803.000000
2491.213867 756.000000
2492.202637 747.000000
2493.190430 697.000000
2494.177002 753.000000
2495.163574 718.000000
2496.149658 764.000000
2497.135010 761.000000
2498.119385 754.000000
2499.103516 795.000000
2500.087646 783.000000
2501.070313 788.000000
2502.052490 721.000000
2503.034180 725.000000
2504.015137 685.000000
2504.995605 754.000000
2505.975830 664.000000
2506.954590 754.000000
2507.933105 695.000000
2508.911133 745.000000
2509.888672 724.000000
2510.865234 835.000000
2511.841553 779.000000
2512.817139 757.000000
2513.792236 754.000000
2514.766846 716.000000
2515.740234 777.000000
2516.713379 811.000000
2517.686279 765.000000
2518.658203 788.000000
2519.629395 703.000000
2520.600098 667.000000
2521.570557 677.000000
2522.540283 727.000000
2523.509033 612.000000
2524.477051 622.000000
2525.445068 659.000000
2526.412109 733.000000
2527.378906 751.000000
2528.344482 636.000000
2529.310059 719.000000
2530.274902 673.000000
2531.239258 686.000000
2532.202393 670.000000
2533.165771 696.000000
2534.128174 674.000000
2535.090332 719.000000
2536.051270 647.000000
2537.011475 697.000000
2537.971924 655.000000
2538.931396 627.000000
2539.890137 766.000000
2540.847900 682.000000
2541.805908 602.000000
2542.763184 666.000000
2543.719482 787.000000
2544.675537 545.000000
2545.630371 629.000000
2546.585449 692.000000
2547.539795 605.000000
2548.493408 707.000000
2549.446045 607.000000
2550.398438 590.000000
2551.350342 652.000000
2552.301514 621.000000
2553.251953 619.000000
2554.201904 585.000000
2555.151611 655.000000
2556.100586 619.000000
2557.049072 537.000000
2557.996338 559.000000
2558.943604 582.000000
2559.890137 610.000000
2560.836182 602.000000
2561.781250 607.000000
2562.726074 533.000000
2563.670410 576.000000
2564.614258 555.000000
2565.557617 623.000000
2566.499512 566.000000
2567.441650 622.000000
2568.383057 620.000000
2569.323730 623.000000
2570.263672 642.000000
2571.203613 547.000000
2572.142578 548.000000
2573.081299 587.000000
2574.019043 647.000000
2574.956543 568.000000
2575.893311 570.000000
2576.829346 504.000000
2577.764893 525.000000
2578.699707 533.000000
2579.634521 523.000000
2580.568359 632.000000
2581.501709 668.000000
2582.434326 595.000000
2583.366699 546.000000
2584.298340 554.000000
2585.229492 492.000000
2586.160156 603.000000
2587.089600 522.000000
2588.019043 543.000000
2588.947998 620.000000
2589.876709 592.000000
2590.803711 483.000000
2591.730957 564.000000
2592.657715 547.000000
2593.583740 575.000000
2594.509521 557.000000
2595.434082 591.000000
2596.358398 524.000000
2597.282227 566.000000
2598.205566 495.000000
2599.127930 622.000000
2600.050049 578.000000
2600.971680 548.000000
2601.892578 519.000000
2602.812744 529.000000
2603.732666 484.000000
2604.652100 581.000000
2605.571289 500.000000
2606.489502 538.000000
2607.406494 521.000000
2608.323730 532.000000
2609.240723 507.000000
2610.156738 467.000000
2611.071533 617.000000
2611.986816 499.000000
2612.901367 527.000000
2613.814941 598.000000
2614.728516 561.000000
2615.640869 486.000000
2616.553223 457.000000
2617.464600 502.000000
2618.375732 487.000000
2619.286133 541.000000
2620.196289 432.000000
2621.105713 418.000000
2622.014648 503.000000
2622.922607 566.000000
2623.830811 526.000000
2624.738037 476.000000
2625.644775 573.000000
2626.550781 514.000000
2627.456543 477.000000
2628.361572 447.000000
2629.266357 492.000000
2630.170410 454.000000
2631.073486 537.000000
2631.976563 451.000000
2632.878662 515.000000
2633.780762 480.000000
2634.682617 492.000000
2635.582764 458.000000
2636.483154 450.000000
2637.382813 537.000000
2638.282227 504.000000
2639.180176 543.000000
2640.078613 441.000000
2640.976563 519.000000
2641.873779 526.000000
2642.769775 479.000000
2643.665771 483.000000
2644.561523 457.000000
2645.456543 471.000000
2646.351318 457.000000
2647.244629 517.000000
2648.137939 466.000000
2649.031006 437.000000
2649.923828 454.000000
2650.814941 381.000000
2651.706299 389.000000
2652.597168 464.000000
2653.487305 410.000000
2654.377197 412.000000
2655.265869 475.000000
2656.154785 434.000000
2657.043213 404.000000
2657.930664 495.000000
2658.817139 388.000000
2659.704102 475.000000
2660.590332 459.000000
2661.476074 445.000000
2662.360596 426.000000
2663.245117 424.000000
2664.129395 459.000000
2665.012939 393.000000
2665.895996 515.000000
2666.778320 80.000000
2667.660156 416.000000
2668.541260 478.000000
2669.422607 371.000000
2670.302490 430.000000
2671.182617 555.000000
2672.062012 391.000000
2672.941406 405.000000
2673.820068 462.000000
2674.697021 371.000000
2675.574707 365.000000
2676.451660 414.000000
2677.327881 402.000000
2678.203613 409.000000
2679.078613 410.000000
2679.953857 455.000000
2680.828125 403.000000
2681.701904 385.000000
2682.574951 382.000000
2683.447754 376.000000
2684.320313 419.000000
2685.192139 434.000000
2686.063232 341.000000
2686.934082 408.000000
2687.804443 427.000000
2688.674561 427.000000
2689.542969 488.000000
2690.412109 349.000000
2691.280518 340.000000
2692.148682 390.000000
2693.016113 330.000000
2693.882324 467.000000
2694.749023 389.000000
2695.614746 360.000000
2696.480469 392.000000
2697.344727 396.000000
2698.209717 374.000000
2699.073242 362.000000
2699.937012 397.000000
2700.799316 424.000000
2701.662109 319.000000
2702.523926 420.000000
2703.385254 403.000000
2704.246582 375.000000
2705.106689 424.000000
2705.966797 298.000000
2706.826416 283.000000
2707.685791 353.000000
2708.543457 406.000000
2709.401367 448.000000
2710.259766 408.000000
2711.116943 418.000000
2711.973389 385.000000
2712.829346 404.000000
2713.685303 432.000000
2714.540527 415.000000
2715.395020 361.000000
2716.249023 367.000000
2717.103027 335.000000
2717.956055 429.000000
2718.809326 455.000000
2719.660889 299.000000
2720.512939 425.000000
2721.364746 354.000000
2722.215332 389.000000
2723.065918 366.000000
2723.916016 450.000000
2724.765381 342.000000
2725.614746 365.000000
2726.462891 350.000000
2727.310547 300.000000
2728.158691 300.000000
2729.005615 329.000000
2729.853027 338.000000
2730.698975 316.000000
2731.544189 383.000000
2732.389893 380.000000
2733.234619 283.000000
2734.079346 329.000000
2734.922852 344.000000
2735.766602 254.000000
2736.609619 332.000000
2737.452148 263.000000
2738.293701 379.000000
2739.135742 297.000000
2739.976807 232.000000
2740.817627 384.000000
2741.658203 354.000000
2742.497559 270.000000
2743.336914 353.000000
2744.176270 396.000000
2745.014404 364.000000
2745.852051 299.000000
2746.689697 399.000000
2747.526855 322.000000
2748.363770 317.000000
2749.200195 337.000000
2750.035400 327.000000
2750.870850 337.000000
2751.705811 331.000000
2752.540039 306.000000
2753.374023 347.000000
2754.207520 182.000000
2755.041016 217.000000
2755.873535 327.000000
2756.705566 348.000000
2757.537109 289.000000
2758.368652 392.000000
2759.199219 335.000000
2760.030029 266.000000
2760.859619 208.000000
2761.689209 371.000000
2762.518555 308.000000
2763.347168 174.000000
2764.175293 320.000000
2765.002930 448.000000
2765.830566 298.000000
2766.657715 257.000000
2767.484131 285.000000
2768.310059 284.000000
2769.135498 292.000000
2769.960693 328.000000
2770.785889 157.000000
2771.609863 277.000000
2772.433838 271.000000
2773.257813 361.000000
2774.080566 220.000000
2774.903564 299.000000
2775.725342 258.000000
2776.547119 205.000000
2777.368896 359.000000
2778.189697 249.000000
2779.009766 217.000000
2779.830078 276.000000
2780.649902 269.000000
2781.469727 369.000000
2782.287598 247.000000
2783.106689 293.000000
2783.924561 291.000000
2784.742188 269.000000
2785.559326 299.000000
2786.375977 275.000000
2787.192383 330.000000
2788.008301 282.000000
2788.823975 365.000000
2789.638672 274.000000
2790.453857 354.000000
2791.268311 308.000000
2792.082275 241.000000
2792.895996 225.000000
2793.708496 117.000000
2794.521240 351.000000
2795.333496 348.000000
2796.145264 237.000000
2796.956299 270.000000
2797.768066 345.000000
2798.578613 246.000000
2799.389160 227.000000
2800.198242 153.000000
2801.008057 213.000000
2801.817139 162.000000
2802.625977 248.000000
2803.434326 254.000000
2804.241699 285.000000
2805.049561 311.000000
2805.856689 47.000000
2806.663574 236.000000
2807.469238 191.000000
2808.275391 225.000000
2809.080811 235.000000
2809.886230 219.000000
2810.690918 251.000000
2811.494629 239.000000
2812.298828 254.000000
2813.102539 358.000000
2813.906006 206.000000
2814.708008 273.000000
2815.510742 190.000000
2816.312744 159.000000
2817.114502 327.000000
2817.915771 233.000000
2818.716553 291.000000
2819.516846 256.000000
2820.317383 350.000000
2821.116943 210.000000
2821.916016 222.000000
2822.715088 190.000000
2823.513916 312.000000
2824.312256 243.000000
2825.109619 253.000000
2825.907227 253.000000
2826.704102 217.000000
2827.501221 288.000000
2828.297607 206.000000
2829.093262 242.000000
2829.888916 269.000000
2830.684326 219.000000
2831.479248 289.000000
2832.273438 203.000000
2833.067627 237.000000
2833.861572 271.000000
2834.655029 194.000000
2835.447754 265.000000
2836.240234 250.000000
2837.032715 209.000000
2837.824951 238.000000
2838.616699 275.000000
2839.407471 141.000000
2840.198242 256.000000
2840.989258 229.000000
2841.779297 275.000000
2842.568848 282.000000
2843.358643 219.000000
2844.147461 240.000000
2844.936279 263.000000
2845.725098 310.000000
2846.512939 161.000000
2847.300293 261.000000
2848.087891 152.000000
2848.875000 179.000000
2849.661377 240.000000
2850.447754 233.000000
2851.233887 326.000000
2852.019531 211.000000
2852.804199 142.000000
2853.589355 213.000000
2854.374268 265.000000
2855.158447 169.000000
2855.942627 117.000000
2856.725586 280.000000
2857.508789 181.000000
2858.291748 134.000000
2859.074219 237.000000
2859.856445 145.000000
2860.638184 239.000000
2861.419678 210.000000
2862.201416 259.000000
2862.982422 150.000000
2863.762695 234.000000
2864.542725 214.000000
2865.322754 160.000000
2866.102539 267.000000
2866.881348 245.000000
2867.660400 224.000000
2868.438965 228.000000
2869.217285 301.000000
2869.995117 209.000000
2870.772705 290.000000
2871.550049 324.000000
2872.327148 321.000000
2873.103760 247.000000
2873.879883 219.000000
2874.656006 292.000000
2875.431641 248.000000
2876.207031 111.000000
2876.981934 229.000000
2877.756592 254.000000
2878.531250 312.000000
2879.305664 340.000000
2880.079346 219.000000
2880.852295 286.000000
2881.625977 295.000000
2882.398682 179.000000
2883.171387 196.000000
2883.943359 315.000000
2884.715088 373.000000
2885.487305 385.000000
2886.258301 174.000000
2887.028809 341.000000
2887.799805 289.000000
2888.570801 279.000000
2889.341064 354.000000
2890.110352 231.000000
2890.879883 209.000000
2891.649414 285.000000
2892.418457 346.000000
2893.187012 236.000000
2893.955566 213.000000
2894.723145 254.000000
2895.491211 269.000000
2896.258789 236.000000
2897.026367 260.000000
2897.792725 355.000000
2898.560059 260.000000
2899.326172 277.000000
2900.092529 175.000000
2900.857422 219.000000
2901.622803 210.000000
2902.388672 177.000000
2903.153076 334.000000
2903.917480 211.000000
2904.682129 118.000000
2905.445801 352.000000
2906.210205 214.000000
2906.973877 221.000000
2907.736816 225.000000
2908.499512 200.000000
2909.262695 192.000000
2910.025391 208.000000
2910.786865 283.000000
2911.548828 283.000000
spectrumdark 2048
-96.681999 6190.000000
-94.055130 6190.000000
-91.430138 6068.000000
-88.807037 6390.000000
-86.185806 5807.000000
-83.566475 6303.000000
-80.949005 6017.000000
-78.333412 6405.000000
-75.719696 6233.000000
-73.107857 5871.000000
-70.497879 6082.000000
-67.889786 6002.000000
-65.283539 5938.000000
-62.679169 5983.000000
-60.076660 6122.000000
-57.476006 5653.000000
-54.877213 6169.000000
-52.280277 6865.000000
-49.685196 6494.000000
-47.091969 6573.000000
-44.500591 6258.000000
-41.911060 6778.000000
-39.323372 5878.000000
-36.737534 6076.000000
-34.153538 6414.000000
-31.571379 5672.000000
-28.991066 6285.000000
-26.412580 5733.000000
-23.835938 6153.000000
-21.261120 6165.000000
-18.688143 6401.000000
-16.116985 6415.000000
-13.547661 6751.000000
-10.980163 7775.000000
-8.414483 6271.000000
-5.850630 6406.000000
-3.288589 5994.000000
-0.728373 5838.000000
1.830035 6162.000000
4.386622 6931.000000
6.941404 6636.000000
9.494370 5972.000000
12.045534 6705.000000
14.594886 6469.000000
17.142441 6674.000000
19.688185 5932.000000
22.232136 5748.000000
24.774282 6627.000000
27.314632 6747.000000
29.853197 6797.000000
32.389965 6156.000000
34.924931 5721.000000
37.458118 7215.000000
39.989525 6374.000000
42.519138 7103.000000
45.046955 6437.000000
47.573013 7854.000000
50.097282 5619.000000
52.619781 6205.000000
55.140484 6758.000000
57.659431 6346.000000
60.176605 6408.000000
62.692001 6599.000000
65.205620 5587.000000
67.717484 5668.000000
70.227600 6500.000000
72.735924 6544.000000
75.242493 5970.000000
77.747314 6310.000000
80.250381 6349.000000
82.751671 6229.000000
85.251221 6125.000000
87.749016 6289.000000
90.245079 5705.000000
92.739365 7271.000000
95.231911 5754.000000
97.722740 6943.000000
100.211800 7123.000000
102.699112 6327.000000
105.184700 6115.000000
107.668549 6385.000000
110.150650 5706.000000
112.631027 6599.000000
115.109680 6151.000000
117.586609 6483.000000
120.061783 7234.000000
122.535248 6796.000000
125.006981 5867.000000
127.477005 6698.000000
129.945282 6271.000000
132.411880 6260.000000
134.876724 5717.000000
137.339874 6174.000000
139.801285 7257.000000
142.261002 6935.000000
144.718994 6336.000000
147.175293 5951.000000
149.629883 5801.000000
152.082748 6846.000000
154.533936 6339.000000
156.983429 6652.000000
159.431198 6082.000000
161.877258 6611.000000
164.321640 8652.000000
166.764343 6414.000000
169.205353 6749.000000
171.644653 6245.000000
174.082245 7218.000000
176.518204 6593.000000
178.952423 7001.000000
181.384964 7071.000000
183.815857 6726.000000
186.245026 7121.000000
188.672546 6690.000000
191.098389 6362.000000
193.522552 6630.000000
195.945053 7124.000000
198.365860 7415.000000
200.785004 6488.000000
203.202484 5960.000000
205.618271 7548.000000
208.032410 7008.000000
210.444916 6374.000000
212.855743 6089.000000
215.264893 6188.000000
217.672409 7425.000000
220.078217 6140.000000
222.482437 6488.000000
224.884949 6678.000000
227.285843 6921.000000
229.685089 6414.000000
232.082672 6760.000000
234.478592 7352.000000
236.872894 6576.000000
239.265533 5806.000000
241.656555 6816.000000
244.045914 6549.000000
246.433655 6340.000000
248.819748 6977.000000
251.204208 6108.000000
253.587021 7825.000000
255.968262 6662.000000
258.347778 6656.000000
260.725739 6438.000000
263.102020 7529.000000
265.476746 7523.000000
267.849823 7881.000000
270.221252 6072.000000
272.591034 6377.000000
274.959259 5882.000000
277.325836 6386.000000
279.690826 6706.000000
282.054199 6053.000000
284.415924 6195.000000
286.776062 7116.000000
289.134583 5996.000000
291.491516 6532.000000
293.846832 6371.000000
296.200562 5943.000000
298.552643 6033.000000
300.903168 6304.000000
303.252106 6341.000000
305.599396 6886.000000
307.945160 6498.000000
310.289246 6430.000000
312.631805 7396.000000
314.972748 7539.000000
317.312073 7197.000000
319.649841 6941.000000
321.986053 8033.000000
324.320618 6177.000000
326.653625 6491.000000
328.985077 5978.000000
331.314941 6595.000000
333.643219 6434.000000
335.969879 7259.000000
338.295044 6310.000000
340.618591 6240.000000
342.940582 5955.000000
345.261017 7509.000000
347.579834 7723.000000
349.897095 5960.000000
352.212830 5777.000000
354.526978 6975.000000
356.839539 6274.000000
359.150543 6258.000000
361.460022 7045.000000
363.767975 6343.000000
366.074310 5619.000000
368.379059 6452.000000
370.682343 6380.000000
372.984009 6255.000000
375.284180 6370.000000
377.582794 6266.000000
379.879852 5685.000000
382.175354 6112.000000
384.469330 5834.000000
386.761719 5220.000000
389.052612 5576.000000
391.341980 6159.000000
393.629761 6232.000000
395.916016 6521.000000
398.200775 6980.000000
400.483917 6084.000000
402.765625 6419.000000
405.045807 6132.000000
407.324402 7295.000000
409.601471 6449.000000
411.877014 6788.000000
414.151031 6598.000000
416.423615 6464.000000
418.694580 6474.000000
420.964050 6466.000000
423.232025 7192.000000
425.498444 7257.000000
427.763367 6289.000000
430.026825 6320.000000
432.288696 6452.000000
434.549103 6008.000000
436.807953 6626.000000
439.065338 6071.000000
441.321228 5637.000000
443.575623 5785.000000
445.828491 5400.000000
448.079803 6881.000000
450.329712 6090.000000
452.578033 6282.000000
454.824921 5694.000000
457.070343 6469.000000
459.314209 6438.000000
461.556580 6821.000000
463.797455 5605.000000
466.036926 6684.000000
468.274811 5474.000000
470.511261 5856.000000
472.746185 6043.000000
474.979645 7291.000000
477.211670 6689.000000
479.442169 5636.000000
481.671173 6445.000000
483.898712 6267.000000
486.124756 5991.000000
488.349365 6566.000000
490.572510 5896.000000
492.794189 6430.000000
495.014313 6622.000000
497.233032 5654.000000
499.450256 6264.000000
501.666107 5585.000000
503.880341 6180.000000
506.093262 6449.000000
508.304596 6416.000000
510.514496 6889.000000
512.722961 6499.000000
514.930054 6581.000000
517.135559 6411.000000
519.339661 6597.000000
521.542236 6210.000000
523.743408 6590.000000
525.943237 6658.000000
528.141541 7002.000000
530.338318 5358.000000
532.533752 5832.000000
534.727661 5497.000000
536.920227 7508.000000
539.111267 6676.000000
541.300903 6017.000000
543.489136 6961.000000
545.675842 7139.000000
547.861084 6804.000000
550.045044 6232.000000
552.227417 6438.000000
554.408447 6147.000000
556.587952 6038.000000
558.766174 5937.000000
560.942871 5977.000000
563.118164 6377.000000
565.292053 6427.000000
567.464478 5905.000000
569.635498 5995.000000
571.805054 6303.000000
573.973328 5215.000000
576.140076 6446.000000
578.305359 6334.000000
580.469238 6078.000000
582.631836 5711.000000
584.792908 5999.000000
586.952576 5633.000000
589.110901 5801.000000
591.267700 6132.000000
593.423157 6606.000000
595.577209 5667.000000
597.729919 6110.000000
599.881104 7258.000000
602.030945 6800.000000
604.179443 6689.000000
606.326355 6047.000000
608.472046 6456.000000
610.616333 6432.000000
612.759155 7001.000000
614.900513 6202.000000
617.040649 6466.000000
619.179260 7661.000000
621.316589 5728.000000
623.452454 6638.000000
625.586914 6829.000000
627.719910 7216.000000
629.851746 6599.000000
631.982117 6528.000000
634.111084 6821.000000
636.238586 6511.000000
638.364807 6196.000000
640.489502 7319.000000
642.612976 6337.000000
644.735107 6875.000000
646.855774 6858.000000
648.975098 6557.000000
651.093018 5670.000000
653.209595 5611.000000
655.324768 6398.000000
657.438599 6424.000000
659.550964 5859.000000
661.662109 6125.000000
663.771851 5419.000000
665.880127 5977.000000
667.987244 6244.000000
670.092896 6766.000000
672.197083 5663.000000
674.300049 5703.000000
676.401611 6983.000000
678.501831 5329.000000
680.600647 6724.000000
682.698120 6215.000000
684.794312 6870.000000
686.889038 6198.000000
688.982544 7031.000000
691.074707 6705.000000
693.165344 7906.000000
695.254761 6629.000000
697.342896 6461.000000
699.429565 6003.000000
701.515015 6751.000000
703.598938 5272.000000
705.681641 5887.000000
707.763062 5882.000000
709.843018 7571.000000
711.921753 6199.000000
713.999023 5560.000000
716.075012 6595.000000
718.149719 6081.000000
720.223145 7031.000000
722.295044 6338.000000
724.365784 7301.000000
726.435181 5751.000000
728.503174 6430.000000
730.569824 6335.000000
732.635254 7080.000000
734.699341 5738.000000
736.762085 6142.000000
738.823486 6517.000000
740.883606 6562.000000
742.942322 6056.000000
744.999817 6632.000000
747.056030 6608.000000
749.110840 6702.000000
751.164368 6368.000000
753.216492 7420.000000
755.267395 5753.000000
757.317078 6716.000000
759.365295 6277.000000
761.412292 6125.000000
763.458008 7008.000000
765.502319 5294.000000
767.545349 5813.000000
769.587158 15086.000000
771.627625 6918.000000
773.666687 6332.000000
775.704590 6072.000000
777.741150 5998.000000
779.776489 5361.000000
781.810486 5804.000000
783.843079 7005.000000
785.874512 5540.000000
787.904541 11613.000000
789.933289 6027.000000
791.960876 6325.000000
793.987122 6390.000000
796.011963 5836.000000
798.035706 5494.000000
800.058044 6327.000000
802.079163 5807.000000
804.098938 6705.000000
806.117432 4885.000000
808.134705 6768.000000
810.150574 6811.000000
812.165283 5687.000000
814.178650 6391.000000
816.190796 6306.000000
818.201721 6033.000000
820.211304 6466.000000
822.219666 5243.000000
824.226624 5702.000000
826.232361 6077.000000
828.236877 5666.000000
830.240112 5620.000000
832.242065 6482.000000
834.242737 6052.000000
836.242188 5899.000000
838.240295 6300.000000
840.237305 6972.000000
842.232910 6201.000000
844.227356 6049.000000
846.220459 6139.000000
848.212341 6792.000000
850.202881 5581.000000
852.192139 6731.000000
854.180359 5990.000000
856.167175 5703.000000
858.152771 6436.000000
860.137085 7258.000000
862.120300 6387.000000
864.102112 6408.000000
866.082703 5787.000000
868.062012 7761.000000
870.040161 7053.000000
872.016968 6187.000000
873.992493 5956.000000
875.966980 6207.000000
877.940002 6038.000000
879.911987 5419.000000
881.882629 6358.000000
883.852112 6149.000000
885.820251 5547.000000
887.787231 5233.000000
889.752869 6086.000000
891.717346 5873.000000
893.680603 5987.000000
895.642639 6478.000000
897.603394 5790.000000
899.562927 6433.000000
901.521179 6734.000000
903.478333 6363.000000
905.434326 6041.000000
907.388916 6885.000000
909.342285 6494.000000
911.294495 6425.000000
913.245483 6402.000000
915.195190 7106.000000
917.143738 6271.000000
919.091064 6100.000000
921.037109 6050.000000
922.981873 6060.000000
924.925598 6280.000000
926.868164 5995.000000
928.809448 5592.000000
930.749390 6465.000000
932.688232 5749.000000
934.625793 5456.000000
936.562134 5903.000000
938.497314 5836.000000
940.431213 6066.000000
942.364014 5839.000000
944.295593 6733.000000
946.226013 5231.000000
948.155212 6333.000000
950.083069 7040.000000
952.009888 6607.000000
953.935425 5951.000000
955.859680 5350.000000
957.782837 5902.000000
959.704834 6705.000000
961.625549 7239.000000
963.545105 6507.000000
965.463501 5273.000000
967.380859 6420.000000
969.296753 6370.000000
971.211548 6118.000000
973.125122 5923.000000
975.037537 6390.000000
976.948730 6429.000000
978.858765 5541.000000
980.767517 6232.000000
982.675232 6110.000000
984.581726 6377.000000
986.487000 5719.000000
988.391174 6811.000000
990.294128 6153.000000
992.195862 6777.000000
994.096436 6411.000000
995.995850 6547.000000
997.894043 5182.000000
999.791077 6687.000000
1001.686890 6483.000000
1003.581543 7759.000000
1005.475098 5510.000000
1007.367371 7189.000000
1009.258728 6067.000000
1011.148743 5358.000000
1013.037537 6607.000000
1014.925171 6392.000000
1016.811646 6875.000000
1018.696960 6746.000000
1020.581116 5940.000000
1022.464050 5846.000000
1024.345947 6232.000000
1026.226563 5178.000000
1028.106079 5833.000000
1029.984619 6121.000000
1031.861816 5428.000000
1033.737671 6173.000000
1035.612549 5897.000000
1037.486450 6518.000000
1039.358887 7003.000000
1041.230347 6761.000000
1043.100464 5502.000000
1044.969604 5486.000000
1046.837524 5789.000000
1048.704346 7026.000000
1050.570068 6666.000000
1052.434570 6440.000000
1054.297974 6432.000000
1056.160034 6530.000000
1058.021118 5889.000000
1059.881104 6484.000000
1061.739746 6637.000000
1063.597290 5765.000000
1065.453735 6773.000000
1067.309082 5938.000000
1069.163208 5812.000000
1071.016479 6262.000000
1072.868286 6323.000000
1074.719116 6178.000000
1076.568726 6124.000000
1078.417114 5692.000000
1080.264648 7960.000000
1082.110840 5582.000000
1083.955811 6261.000000
1085.799927 5432.000000
1087.642700 5616.000000
1089.484253 6560.000000
1091.325073 5457.000000
1093.164307 5754.000000
1095.002808 6009.000000
1096.839966 5996.000000
1098.675903 6805.000000
1100.510864 6546.000000
1102.344604 5313.000000
1104.177368 5663.000000
1106.008789 6181.000000
1107.839355 7275.000000
1109.668579 6561.000000
1111.496826 6407.000000
1113.323853 7134.000000
1115.149902 5422.000000
1116.974731 6306.000000
1118.798462 7150.000000
1120.620972 6063.000000
1122.442383 5829.000000
1124.262939 5857.000000
1126.082031 6592.000000
1127.900269 7024.000000
1129.717163 6783.000000
1131.533203 6655.000000
1133.348022 6491.000000
1135.161743 5632.000000
1136.974365 5809.000000
1138.785767 5650.000000
1140.596191 6134.000000
1142.405518 6746.000000
1144.213501 6912.000000
1146.020752 5963.000000
1147.826538 5900.000000
1149.631470 5360.000000
1151.435303 5377.000000
1153.237915 6152.000000
1155.039673 6142.000000
1156.839966 6097.000000
1158.639282 6129.000000
1160.437622 5831.000000
1162.234619 5472.000000
1164.030884 5880.000000
1165.825806 6079.000000
1167.619629 6318.000000
1169.412598 7762.000000
1171.204224 5804.000000
1172.994873 6509.000000
1174.784546 5966.000000
1176.572754 5748.000000
1178.360107 7361.000000
1180.146362 6781.000000
1181.931519 5770.000000
1183.715576 5880.000000
1185.498535 7612.000000
1187.280518 5887.000000
1189.061279 5855.000000
1190.841064 6308.000000
1192.619751 6952.000000
1194.397461 6684.000000
1196.173950 7086.000000
1197.949341 6627.000000
1199.723633 6537.000000
1201.496826 6644.000000
1203.269165 6569.000000
1205.040161 6721.000000
1206.810303 5715.000000
1208.579224 6110.000000
1210.347046 6329.000000
1212.114014 5758.000000
1213.879639 5947.000000
1215.644287 6938.000000
1217.407837 6512.000000
1219.170288 5950.000000
1220.931885 6693.000000
1222.692261 5858.000000
1224.451538 6252.000000
1226.209961 6064.000000
1227.967163 7109.000000
1229.723267 6459.000000
1231.478271 5476.000000
1233.232422 6021.000000
1234.985229 5832.000000
1236.737061 6011.000000
1238.488037 5986.000000
1240.237671 4917.000000
1241.986450 6975.000000
1243.733887 6532.000000
1245.480591 6614.000000
1247.226074 6373.000000
1248.970703 6382.000000
1250.713989 6726.000000
1252.456299 6680.000000
1254.197510 5404.000000
1255.937866 5155.000000
1257.677124 5768.000000
1259.415161 6533.000000
1261.152344 7092.000000
1262.888306 6085.000000
1264.623291 6423.000000
1266.357300 7277.000000
1268.090332 6026.000000
1269.822144 6228.000000
1271.552979 6407.000000
1273.282593 7186.000000
1275.011353 5843.000000
1276.739014 5677.000000
1278.465576 5565.000000
1280.191284 5495.000000
1281.915649 6432.000000
1283.639160 5191.000000
1285.361694 6871.000000
1287.083252 6619.000000
1288.803589 6178.000000
1290.522949 6661.000000
1292.241211 7258.000000
1293.958496 6379.000000
1295.674805 5726.000000
1297.389893 6421.000000
1299.104004 6175.000000
1300.817139 5769.000000
1302.529419 6407.000000
1304.240479 8380.000000
1305.950562 5279.000000
1307.659546 6299.000000
1309.367310 6654.000000
1311.074463 7018.000000
1312.780151 5748.000000
1314.485107 6862.000000
1316.189087 6127.000000
1317.891846 5968.000000
1319.593628 6572.000000
1321.294556 6077.000000
1322.994141 18726.000000
1324.692871 31375.000000
1326.390869 5609.000000
1328.087524 6532.000000
1329.783081 7103.000000
1331.477783 6844.000000
1333.171265 5714.000000
1334.863892 5370.000000
1336.555664 7264.000000
1338.246094 6275.000000
1339.935791 6576.000000
1341.624390 6136.000000
1343.311890 7553.000000
1344.998413 5628.000000
1346.683838 6679.000000
1348.368286 5977.000000
1350.051880 7256.000000
1351.734253 6338.000000
1353.415649 5944.000000
1355.096191 6603.000000
1356.775513 6735.000000
1358.454224 5884.000000
1360.131592 6648.000000
1361.807861 5772.000000
1363.483154 5590.000000
1365.157715 6587.000000
1366.831055 6428.000000
1368.503418 6776.000000
1370.174805 5212.000000
1371.845215 6804.000000
1373.514526 6127.000000
1375.182861 5685.000000
1376.850342 5933.000000
1378.516724 6428.000000
1380.182129 6161.000000
1381.846558 5874.000000
1383.509766 5903.000000
1385.172363 5695.000000
1386.833618 6377.000000
1388.494019 6551.000000
1390.153320 6397.000000
1391.811646 6446.000000
1393.469238 6846.000000
1395.125610 6522.000000
1396.781128 6974.000000
1398.435425 6326.000000
1400.088867 5841.000000
1401.741211 6089.000000
1403.392822 6425.000000
1405.043213 7176.000000
1406.692505 6261.000000
1408.341064 7494.000000
1409.988525 7923.000000
1411.635010 6170.000000
1413.280640 6233.000000
1414.925293 5987.000000
1416.568726 7020.000000
1418.211304 7163.000000
1419.852783 6872.000000
1421.493408 6462.000000
1423.133057 6478.000000
1424.771606 5972.000000
1426.409302 6642.000000
1428.045898 6372.000000
1429.681519 5948.000000
1431.316406 6380.000000
1432.950195 5909.000000
1434.582886 6133.000000
1436.214600 5641.000000
1437.845459 6132.000000
1439.475220 6080.000000
1441.103882 7775.000000
1442.731934 5962.000000
1444.358887 6198.000000
1445.984619 6196.000000
1447.609741 6136.000000
1449.233765 6563.000000
1450.856812 6040.000000
1452.478882 6065.000000
1454.099854 7285.000000
1455.719849 6284.000000
1457.339111 6902.000000
1458.957031 5657.000000
1460.574341 16943.000000
1462.190674 5507.000000
1463.805786 7304.000000
1465.420044 6292.000000
1467.033447 5206.000000
1468.645752 5567.000000
1470.257202 6239.000000
1471.867798 6433.000000
1473.477173 6001.000000
1475.085571 6001.000000
1476.693115 6195.000000
1478.299683 6746.000000
1479.905518 5298.000000
1481.510132 6223.000000
1483.113892 5491.000000
1484.716431 6883.000000
1486.318359 5528.000000
1487.919067 5452.000000
1489.519043 5623.000000
1491.117920 6227.000000
1492.715942 6518.000000
1494.312866 6677.000000
1495.908936 6296.000000
1497.504028 5991.000000
1499.098145 5507.000000
1500.691528 6500.000000
1502.283813 5547.000000
1503.874878 6188.000000
1505.465454 6727.000000
1507.054688 6474.000000
1508.643311 6168.000000
1510.230835 6547.000000
1511.817261 6944.000000
1513.402954 6102.000000
1514.987549 6625.000000
1516.571289 6356.000000
1518.153931 6171.000000
1519.735840 6628.000000
1521.316650 6660.000000
1522.896729 6055.000000
1524.475586 6224.000000
1526.053589 6371.000000
1527.630859 6244.000000
1529.206909 5684.000000
1530.782227 5931.000000
1532.356445 6345.000000
1533.929932 5474.000000
1535.502197 5948.000000
1537.073730 6349.000000
1538.644287 6422.000000
1540.213989 6319.000000
1541.782471 5449.000000
1543.350220 6585.000000
1544.917114 5611.000000
1546.482788 6752.000000
1548.047729 5954.000000
1549.611572 5035.000000
1551.174805 7443.000000
1552.736694 6315.000000
1554.297974 5953.000000
1555.858154 5636.000000
1557.417603 5747.000000
1558.975952 5974.000000
1560.533569 6327.000000
1562.090088 7035.000000
1563.645386 5885.000000
1565.200073 6387.000000
1566.754028 5652.000000
1568.307007 6314.000000
1569.858643 5707.000000
1571.409546 5854.000000
1572.959717 6187.000000
1574.508911 6316.000000
1576.056763 5796.000000
1577.604126 5510.000000
1579.150513 5772.000000
1580.696045 5078.000000
1582.240601 6596.000000
1583.783936 6316.000000
1585.326660 6581.000000
1586.868530 6401.000000
1588.409302 6796.000000
1589.949097 5809.000000
1591.488159 6709.000000
1593.026123 5890.000000
1594.563599 6130.000000
1596.099731 5873.000000
1597.634766 6759.000000
1599.169312 6302.000000
1600.702881 5949.000000
1602.235596 5965.000000
1603.766724 6310.000000
1605.297607 6250.000000
1606.827637 5784.000000
1608.356445 6082.000000
1609.884155 6179.000000
1611.411255 6032.000000
1612.937622 5833.000000
1614.463013 6192.000000
1615.987549 5797.000000
1617.510742 5766.000000
1619.033203 5597.000000
1620.554932 6550.000000
1622.075806 6973.000000
1623.595215 15539.000000
1625.114136 6180.000000
1626.632324 6022.000000
1628.149658 5905.000000
1629.665894 6406.000000
1631.180786 7027.000000
1632.695190 6780.000000
1634.208862 5728.000000
1635.721436 6811.000000
1637.232788 5937.000000
1638.743774 6490.000000
1640.253662 6245.000000
1641.762695 6196.000000
1643.270386 5575.000000
1644.777710 6094.000000
1646.284180 7137.000000
1647.789673 6247.000000
1649.294312 6805.000000
1650.797485 6163.000000
1652.300049 6556.000000
1653.802246 6315.000000
1655.303101 6626.000000
1656.802856 7530.000000
1658.301758 5994.000000
1659.800293 6456.000000
1661.297607 6222.000000
1662.794189 5937.000000
1664.289185 6465.000000
1665.783936 6312.000000
1667.277832 5212.000000
1668.770752 5665.000000
1670.262329 20207.000000
1671.753418 6419.000000
1673.243896 6073.000000
1674.733276 5961.000000
1676.221191 6950.000000
1677.708862 6847.000000
1679.195557 6074.000000
1680.681396 5302.000000
1682.166382 6094.000000
1683.649902 6112.000000
1685.133179 6242.000000
1686.615601 5860.000000
1688.096924 6208.000000
1689.576782 6233.000000
1691.056396 5588.000000
1692.535278 6565.000000
1694.013184 6052.000000
1695.490112 6113.000000
1696.965820 5770.000000
1698.441162 6081.000000
1699.915283 6295.000000
1701.388794 5472.000000
1702.860840 5550.000000
1704.332642 6880.000000
1705.803467 6390.000000
1707.273438 7094.000000
1708.742065 5136.000000
1710.210205 5804.000000
1711.677612 6324.000000
1713.143921 5521.000000
1714.609619 5768.000000
1716.073608 6209.000000
1717.537476 5956.000000
1719.000488 6957.000000
1720.462524 6314.000000
1721.923340 6593.000000
1723.383545 5418.000000
1724.843018 6373.000000
1726.301636 6135.000000
1727.759277 6001.000000
1729.215576 6223.000000
1730.671631 6080.000000
1732.126709 6447.000000
1733.580811 5974.000000
1735.033691 6898.000000
1736.486328 5991.000000
1737.937866 6733.000000
1739.388672 5991.000000
1740.838501 6604.000000
1742.286987 5856.000000
1743.735107 7574.000000
1745.182373 6579.000000
1746.628906 6663.000000
1748.073853 6717.000000
1749.518555 6145.000000
1750.962402 5800.000000
1752.405396 5487.000000
1753.846924 6542.000000
1755.288208 6322.000000
1756.728638 19434.000000
1758.168091 6252.000000
1759.606567 5211.000000
1761.044067 6056.000000
1762.481079 7548.000000
1763.917114 5817.000000
1765.352295 7168.000000
1766.786011 6291.000000
1768.219604 6437.000000
1769.652222 6689.000000
1771.083984 5810.000000
1772.514893 5737.000000
1773.944580 6323.000000
1775.373535 6066.000000
1776.802002 6262.000000
1778.229492 6672.000000
1779.655640 6255.000000
1781.081543 5522.000000
1782.506348 6896.000000
1783.930542 5565.000000
1785.353271 6676.000000
1786.775513 6543.000000
1788.197021 6889.000000
1789.617798 5813.000000
1791.037598 5962.000000
1792.456055 6180.000000
1793.874023 6834.000000
1795.291382 5518.000000
1796.707886 6015.000000
1798.122925 6521.000000
1799.537598 5868.000000
1800.951660 6600.000000
1802.364502 5957.000000
1803.776733 6914.000000
1805.187622 7094.000000
1806.598022 7844.000000
1808.007690 6504.000000
1809.416382 5986.000000
1810.823975 5397.000000
1812.231079 6425.000000
1813.637329 6361.000000
1815.042603 6741.000000
1816.446777 5924.000000
1817.850586 6002.000000
1819.253418 6275.000000
1820.655396 5967.000000
1822.056763 5870.000000
1823.456665 6405.000000
1824.855957 6437.000000
1826.254761 6563.000000
1827.652710 7450.000000
1829.049316 5728.000000
1830.445313 6694.000000
1831.840576 5926.000000
1833.235229 8098.000000
1834.628906 6037.000000
1836.021240 6817.000000
1837.413086 6368.000000
1838.804321 5808.000000
1840.194580 7132.000000
1841.583618 5983.000000
1842.972290 6071.000000
1844.359985 5953.000000
1845.746948 5765.000000
1847.132568 6901.000000
1848.517944 5863.000000
1849.902466 6351.000000
1851.286255 6326.000000
1852.668945 6434.000000
1854.050415 5323.000000
1855.431396 6462.000000
1856.811890 6311.000000
1858.191406 5725.000000
1859.569458 5972.000000
1860.947388 6191.000000
1862.324341 7988.000000
1863.700562 6111.000000
1865.075928 6066.000000
1866.449829 5645.000000
1867.823608 5718.000000
1869.196533 6136.000000
1870.568359 5935.000000
1871.939209 6893.000000
1873.309692 5411.000000
1874.679077 6012.000000
1876.047974 6033.000000
1877.415283 7159.000000
1878.782471 6050.000000
1880.148682 6035.000000
1881.514160 6757.000000
1882.878906 7482.000000
1884.242065 6787.000000
1885.605103 6964.000000
1886.967285 6303.000000
1888.328613 6467.000000
1889.688599 5577.000000
1891.048218 5819.000000
1892.407227 6149.000000
1893.765259 6626.000000
1895.122437 7323.000000
1896.478394 5926.000000
1897.834106 7646.000000
1899.188843 5850.000000
1900.542725 5552.000000
1901.895508 5915.000000
1903.247803 5901.000000
1904.599365 5940.000000
1905.950073 6921.000000
1907.299561 6549.000000
1908.648560 6651.000000
1909.996704 5835.000000
1911.344238 6149.000000
1912.691040 6326.000000
1914.036255 6847.000000
1915.381226 6067.000000
1916.725464 5403.000000
1918.068848 6487.000000
1919.410889 5968.000000
1920.752686 6715.000000
1922.093628 6987.000000
1923.433838 6114.000000
1924.773071 6255.000000
1926.111328 6329.000000
1927.448975 6475.000000
1928.785889 7067.000000
1930.121948 6732.000000
1931.456787 5594.000000
1932.791260 6718.000000
1934.125000 7259.000000
1935.457886 6206.000000
1936.789307 5700.000000
1938.120850 6316.000000
1939.451050 6648.000000
1940.780762 5794.000000
1942.109619 6136.000000
1943.437256 5852.000000
1944.764404 5024.000000
1946.090820 5853.000000
1947.416504 6492.000000
1948.740845 5740.000000
1950.064941 6665.000000
1951.388184 6260.000000
1952.710693 6355.000000
1954.032104 5793.000000
1955.352539 7436.000000
1956.672363 5994.000000
1957.991821 5425.000000
1959.310303 6858.000000
1960.627441 5914.000000
1961.944214 5817.000000
1963.260254 6609.000000
1964.575562 6591.000000
1965.889404 6316.000000
1967.203003 5677.000000
1968.515869 6190.000000
1969.827881 5987.000000
1971.139282 6058.000000
1972.449341 6305.000000
1973.758911 5846.000000
1975.067749 6149.000000
1976.375977 6526.000000
1977.682861 6097.000000
1978.989136 7227.000000
1980.295044 5569.000000
1981.599731 6394.000000
1982.903931 5957.000000
1984.206909 5698.000000
1985.509521 7550.000000
1986.811157 6139.000000
1988.112183 6793.000000
1989.411621 6007.000000
1990.711182 6605.000000
1992.009644 5384.000000
1993.307617 6090.000000
1994.604004 6071.000000
1995.900391 5738.000000
1997.195801 5626.000000
1998.490479 6476.000000
1999.784302 5712.000000
2001.076904 6559.000000
2002.369019 5736.000000
2003.660645 7145.000000
2004.951538 6429.000000
2006.240845 6285.000000
2007.529907 6715.000000
2008.818237 5896.000000
2010.105835 5971.000000
2011.392578 6623.000000
2012.678223 5678.000000
2013.963501 6322.000000
2015.247803 5997.000000
2016.531494 5619.000000
2017.813843 6067.000000
2019.095825 6493.000000
2020.377319 6717.000000
2021.657837 5907.000000
2022.937622 6091.000000
2024.216309 6758.000000
2025.494263 5858.000000
2026.771729 5859.000000
2028.048584 6311.000000
2029.323730 5735.000000
2030.598999 6564.000000
2031.873291 6052.000000
2033.146606 5983.000000
2034.419067 5923.000000
2035.691162 6150.000000
2036.962158 6957.000000
2038.232910 6645.000000
2039.502319 6018.000000
2040.770630 6702.000000
2042.038940 6705.000000
2043.306274 5918.000000
2044.572876 5955.000000
2045.838257 5620.000000
2047.103027 5524.000000
2048.367676 5403.000000
2049.630859 5840.000000
2050.893799 6350.000000
2052.154785 6149.000000
2053.416260 6168.000000
2054.676514 5882.000000
2055.936035 6476.000000
2057.194824 6197.000000
2058.452637 6890.000000
2059.709961 6128.000000
2060.966553 6009.000000
2062.221680 6489.000000
2063.476807 5651.000000
2064.730957 5557.000000
2065.984375 5629.000000
2067.237061 6854.000000
2068.488525 6311.000000
2069.739746 6347.000000
2070.990234 5539.000000
2072.239990 5422.000000
2073.488281 6473.000000
2074.736572 6458.000000
2075.983887 7390.000000
2077.230469 5610.000000
2078.476318 6033.000000
2079.720947 7062.000000
2080.965088 7593.000000
2082.208740 5556.000000
2083.451416 6012.000000
2084.692871 6970.000000
2085.934082 5961.000000
2087.174805 6319.000000
2088.414551 6724.000000
2089.653076 7068.000000
2090.891113 6228.000000
2092.128418 5742.000000
2093.365479 6578.000000
2094.601074 6064.000000
2095.835938 6232.000000
2097.070557 6072.000000
2098.304199 5645.000000
2099.536865 6100.000000
2100.768799 6856.000000
2102.000244 6421.000000
2103.230713 6797.000000
2104.460449 6022.000000
2105.689941 6048.000000
2106.917480 5952.000000
2108.145264 6003.000000
2109.372314 6386.000000
2110.598389 5497.000000
2111.822998 6385.000000
2113.047852 6981.000000
2114.271484 7038.000000
2115.494629 6212.000000
2116.716553 7527.000000
2117.938232 6050.000000
2119.158936 6779.000000
2120.378906 6028.000000
2121.598389 6085.000000
2122.816406 6522.000000
2124.034424 7077.000000
2125.251465 5710.000000
2126.468018 5813.000000
2127.682861 6570.000000
2128.897949 6340.000000
2130.112061 6942.000000
2131.325439 5621.000000
2132.538086 6150.000000
2133.749268 5792.000000
2134.960693 6540.000000
2136.170898 6605.000000
2137.380615 5983.000000
2138.588867 6144.000000
2139.797119 5620.000000
2141.004639 5885.000000
2142.210938 7438.000000
2143.416504 5838.000000
2144.621826 5612.000000
2145.826172 5585.000000
2147.029785 6326.000000
2148.232910 6245.000000
2149.434570 6441.000000
2150.635986 5325.000000
2151.836670 6271.000000
2153.036621 6080.000000
2154.235352 5883.000000
2155.433838 6914.000000
2156.631836 6178.000000
2157.828857 5970.000000
2159.025146 5157.000000
2160.220215 5259.000000
2161.415039 6160.000000
2162.609131 5564.000000
2163.802246 6084.000000
2164.994385 6815.000000
2166.186279 5878.000000
2167.377441 6336.000000
2168.567627 6264.000000
2169.757080 6445.000000
2170.946045 6818.000000
2172.134033 5993.000000
2173.321777 5740.000000
2174.508057 5961.000000
2175.693604 6615.000000
2176.878906 6001.000000
2178.063721 5847.000000
2179.247314 6369.000000
2180.430176 7507.000000
2181.612061 6331.000000
2182.793701 5942.000000
2183.974854 6579.000000
2185.154785 5702.000000
2186.333740 5587.000000
2187.512207 6330.000000
2188.690430 6844.000000
2189.867432 7171.000000
2191.043457 6681.000000
2192.219238 6091.000000
2193.394531 5612.000000
2194.568359 6657.000000
2195.741699 6182.000000
2196.914795 6151.000000
2198.086670 6558.000000
2199.258057 7068.000000
2200.428955 6378.000000
2201.598145 6880.000000
2202.767334 7595.000000
2203.936035 6296.000000
2205.103760 5888.000000
2206.270508 5617.000000
2207.436523 7176.000000
2208.602051 6694.000000
2209.767334 6021.000000
2210.931152 6796.000000
2212.094482 5451.000000
2213.256592 6229.000000
2214.418945 6233.000000
2215.580078 6631.000000
2216.740234 6756.000000
2217.899902 6262.000000
2219.059326 6591.000000
2220.217529 6342.000000
2221.374756 6326.000000
2222.531738 6788.000000
2223.687988 6616.000000
2224.843506 6731.000000
2225.998291 6332.000000
2227.152100 6397.000000
2228.304932 6040.000000
2229.458252 6869.000000
2230.609619 6154.000000
2231.760742 6120.000000
2232.911133 6522.000000
2234.061035 7665.000000
2235.209961 6330.000000
2236.358398 5213.000000
2237.505371 6384.000000
2238.652588 7056.000000
2239.798584 6010.000000
2240.944336 7228.000000
2242.088379 7302.000000
2243.232666 6744.000000
2244.375977 6152.000000
2245.518555 6001.000000
2246.660156 5729.000000
2247.801514 5824.000000
2248.941895 6356.000000
2250.081543 6492.000000
2251.220703 5831.000000
2252.358643 5847.000000
2253.496582 6196.000000
2254.633545 5300.000000
2255.769775 6341.000000
2256.905029 6183.000000
2258.039551 7290.000000
2259.173828 6440.000000
2260.307617 5444.000000
2261.439941 6131.000000
2262.571777 6782.000000
2263.703125 6237.000000
2264.833496 6501.000000
2265.963623 8097.000000
2267.092529 6726.000000
2268.220947 6024.000000
2269.348877 5486.000000
2270.475830 6155.000000
2271.602051 5959.000000
2272.727295 6653.000000
2273.852539 6497.000000
2274.977051 6365.000000
2276.100342 6026.000000
2277.222900 6314.000000
2278.344971 5934.000000
2279.466553 7362.000000
2280.587402 6402.000000
2281.707031 6489.000000
2282.826172 7109.000000
2283.945068 7616.000000
2285.063232 7221.000000
2286.180420 5868.000000
2287.296631 6419.000000
2288.412598 6962.000000
2289.527832 6920.000000
2290.642334 7334.000000
2291.755615 5864.000000
2292.868896 6330.000000
2293.981445 6024.000000
2295.093262 5365.000000
2296.204346 6773.000000
2297.314209 6425.000000
2298.423584 6217.000000
2299.532715 6633.000000
2300.640869 6331.000000
2301.748047 6799.000000
2302.854980 5903.000000
2303.961182 6226.000000
2305.066895 6518.000000
2306.171143 6626.000000
2307.275146 5399.000000
2308.378662 5731.000000
2309.481689 6540.000000
2310.583496 7481.000000
2311.684570 7244.000000
2312.785156 6578.000000
2313.885254 5482.000000
2314.984619 6364.000000
2316.082520 6611.000000
2317.180908 7005.000000
2318.277832 8197.000000
2319.374512 6876.000000
2320.470703 5824.000000
2321.565186 6842.000000
2322.659668 7658.000000
2323.753418 5770.000000
2324.846924 6012.000000
2325.938721 6452.000000
2327.030518 6892.000000
2328.121582 6104.000000
2329.211914 6264.000000
2330.301270 6992.000000
2331.390625 6009.000000
2332.478760 6281.000000
2333.566406 6821.000000
2334.653809 6477.000000
2335.739502 6705.000000
2336.824951 7766.000000
2337.910156 6279.000000
2338.994385 6738.000000
2340.077637 5883.000000
2341.160645 6458.000000
2342.242676 7105.000000
2343.324463 6039.000000
2344.405518 7496.000000
2345.485352 6595.000000
2346.564697 5656.000000
2347.643555 6775.000000
2348.721924 6546.000000
2349.798828 6305.000000
2350.875488 7002.000000
2351.951904 5981.000000
2353.027344 6338.000000
2354.101807 5877.000000
2355.176025 6334.000000
2356.249512 6813.000000
2357.322510 6282.000000
2358.394287 7008.000000
2359.465820 6275.000000
2360.536377 6800.000000
2361.606689 7510.000000
2362.676025 7569.000000
2363.744385 6773.000000
2364.812500 6754.000000
2365.879883 7052.000000
2366.946777 7149.000000
2368.012939 5995.000000
2369.077881 6930.000000
2370.142822 6957.000000
2371.207031 6340.000000
2372.270508 6954.000000
2373.332764 5810.000000
2374.395020 6224.000000
2375.456299 6319.000000
2376.517334 5944.000000
2377.577148 6273.000000
2378.636230 7901.000000
2379.695313 6493.000000
2380.753418 7575.000000
2381.810791 6876.000000
2382.867188 7983.000000
2383.923340 7810.000000
2384.979004 6239.000000
2386.033936 7031.000000
2387.087402 6801.000000
2388.141113 6506.000000
2389.193848 6257.000000
2390.246094 6739.000000
2391.297607 6183.000000
2392.348145 6594.000000
2393.398438 6533.000000
2394.447754 6343.000000
2395.497070 6223.000000
2396.544922 6875.000000
2397.592285 7036.000000
2398.639404 6322.000000
2399.685547 6682.000000
2400.730957 6171.000000
2401.775635 6806.000000
2402.820313 7733.000000
2403.863525 7473.000000
2404.906738 6560.000000
2405.948486 5739.000000
2406.990479 6645.000000
2408.031738 7107.000000
2409.072021 6079.000000
2410.111572 6448.000000
2411.150146 6307.000000
2412.188965 5947.000000
2413.226563 6534.000000
2414.263916 6882.000000
2415.300049 7329.000000
2416.335938 6274.000000
2417.371094 6202.000000
2418.405762 6684.000000
2419.438965 7176.000000
2420.472412 6490.000000
2421.504883 6720.000000
2422.537109 6740.000000
2423.567871 7045.000000
2424.598633 6429.000000
2425.628906 6841.000000
2426.657959 6877.000000
2427.687012 6700.000000
2428.714355 7403.000000
2429.742188 6703.000000
2430.768799 7315.000000
2431.795166 6915.000000
2432.820068 7717.000000
2433.845215 6611.000000
2434.869385 7035.000000
2435.893311 6706.000000
2436.916016 5847.000000
2437.937988 6295.000000
2438.959717 6619.000000
2439.980713 6642.000000
2441.001221 6049.000000
2442.020508 6462.000000
2443.039795 6539.000000
2444.058105 8454.000000
2445.076172 6337.000000
2446.092773 6454.000000
2447.109375 6625.000000
2448.125244 5926.000000
2449.141113 7096.000000
2450.155518 6887.000000
2451.169189 5544.000000
2452.182373 7250.000000
2453.195313 5976.000000
2454.207520 7208.000000
2455.218750 6606.000000
2456.229736 7780.000000
2457.239990 6380.000000
2458.249756 7636.000000
2459.258545 5912.000000
2460.266602 5984.000000
2461.274658 6301.000000
2462.281494 7396.000000
2463.288086 5420.000000
2464.293457 7429.000000
2465.298584 6933.000000
2466.303467 5850.000000
2467.307129 6524.000000
2468.310547 6369.000000
2469.312988 7583.000000
2470.315186 7310.000000
2471.316895 6876.000000
2472.317627 6601.000000
2473.317383 7035.000000
2474.317139 6727.000000
2475.315918 5741.000000
2476.314209 6588.000000
2477.311523 7030.000000
2478.308594 6082.000000
2479.305664 6971.000000
2480.301270 5759.000000
2481.296875 7133.000000
2482.290771 6656.000000
2483.284668 8116.000000
2484.278076 6898.000000
2485.270996 6859.000000
2486.262939 7514.000000
2487.254150 7225.000000
2488.245117 6716.000000
2489.235596 5856.000000
2490.225098 6543.000000
2491.213867 6477.000000
2492.202637 5675.000000
2493.190430 6781.000000
2494.177002 6561.000000
2495.163574 8014.000000
2496.149658 6766.000000
2497.135010 7095.000000
2498.119385 8062.000000
2499.103516 5994.000000
2500.087646 6889.000000
2501.070313 5725.000000
2502.052490 6967.000000
2503.034180 6920.000000
2504.015137 7237.000000
2504.995605 6523.000000
2505.975830 5766.000000
2506.954590 6306.000000
2507.933105 7580.000000
2508.911133 6735.000000
2509.888672 7078.000000
2510.865234 5973.000000
2511.841553 5897.000000
2512.817139 6433.000000
2513.792236 6206.000000
2514.766846 6497.000000
2515.740234 7563.000000
2516.713379 6726.000000
2517.686279 6847.000000
2518.658203 6049.000000
2519.629395 6779.000000
2520.600098 6914.000000
2521.570557 7829.000000
2522.540283 8046.000000
2523.509033 6159.000000
2524.477051 6175.000000
2525.445068 7688.000000
2526.412109 6259.000000
2527.378906 5488.000000
2528.344482 7286.000000
2529.310059 7023.000000
2530.274902 7789.000000
2531.239258 6295.000000
2532.202393 6352.000000
2533.165771 5825.000000
2534.128174 5958.000000
2535.090332 6654.000000
2536.051270 6383.000000
2537.011475 6124.000000
2537.971924 6151.000000
2538.931396 6737.000000
2539.890137 6752.000000
2540.847900 6682.000000
2541.805908 6217.000000
2542.763184 6750.000000
2543.719482 6030.000000
2544.675537 7116.000000
2545.630371 6188.000000
2546.585449 7747.000000
2547.539795 7028.000000
2548.493408 6616.000000
2549.446045 7240.000000
2550.398438 6756.000000
2551.350342 6931.000000
2552.301514 6345.000000
2553.251953 7676.000000
2554.201904 7301.000000
2555.151611 7325.000000
2556.100586 6623.000000
2557.049072 6235.000000
2557.996338 7152.000000
2558.943604 6282.000000
2559.890137 6571.000000
2560.836182 6715.000000
2561.781250 7374.000000
2562.726074 6761.000000
2563.670410 7200.000000
2564.614258 6843.000000
2565.557617 6635.000000
2566.499512 6537.000000
2567.441650 6550.000000
2568.383057 6108.000000
2569.323730 7074.000000
2570.263672 7210.000000
2571.203613 5703.000000
2572.142578 6185.000000
2573.081299 7521.000000
2574.019043 7144.000000
2574.956543 5493.000000
2575.893311 6955.000000
2576.829346 6803.000000
2577.764893 7583.000000
2578.699707 6393.000000
2579.634521 6015.000000
2580.568359 7067.000000
2581.501709 7054.000000
2582.434326 5834.000000
2583.366699 6923.000000
2584.298340 5474.000000
2585.229492 7043.000000
2586.160156 6969.000000
2587.089600 6841.000000
2588.019043 7263.000000
2588.947998 6429.000000
2589.876709 7467.000000
2590.803711 7326.000000
2591.730957 5898.000000
2592.657715 6786.000000
2593.583740 6275.000000
2594.509521 5658.000000
2595.434082 7628.000000
2596.358398 7613.000000
2597.282227 5321.000000
2598.205566 7314.000000
2599.127930 6193.000000
2600.050049 6833.000000
2600.971680 8282.000000
2601.892578 6403.000000
2602.812744 5777.000000
2603.732666 6386.000000
2604.652100 6378.000000
2605.571289 6464.000000
2606.489502 5810.000000
2607.406494 5999.000000
2608.323730 7244.000000
2609.240723 5840.000000
2610.156738 7581.000000
2611.071533 6568.000000
2611.986816 6598.000000
2612.901367 6497.000000
2613.814941 6497.000000
2614.728516 6107.000000
2615.640869 7604.000000
2616.553223 7125.000000
2617.464600 6806.000000
2618.375732 5751.000000
2619.286133 7155.000000
2620.196289 6720.000000
2621.105713 6222.000000
2622.014648 6577.000000
2622.922607 6226.000000
2623.830811 6843.000000
2624.738037 6645.000000
2625.644775 7028.000000
2626.550781 6002.000000
2627.456543 6608.000000
2628.361572 6431.000000
2629.266357 7803.000000
2630.170410 6500.000000
2631.073486 6328.000000
2631.976563 6428.000000
2632.878662 5602.000000
2633.780762 6723.000000
2634.682617 7005.000000
2635.582764 6664.000000
2636.483154 6433.000000
2637.382813 6381.000000
2638.282227 6007.000000
2639.180176 6819.000000
2640.078613 6712.000000
2640.976563 6371.000000
2641.873779 6055.000000
2642.769775 6143.000000
2643.665771 6898.000000
2644.561523 6049.000000
2645.456543 6438.000000
2646.351318 6650.000000
2647.244629 7223.000000
2648.137939 6241.000000
2649.031006 6779.000000
2649.923828 6432.000000
2650.814941 7509.000000
2651.706299 6403.000000
2652.597168 7651.000000
2653.487305 7302.000000
2654.377197 6580.000000
2655.265869 7242.000000
2656.154785 6614.000000
2657.043213 6578.000000
2657.930664 7293.000000
2658.817139 6540.000000
2659.704102 7128.000000
2660.590332 6801.000000
2661.476074 6816.000000
2662.360596 6467.000000
2663.245117 6405.000000
2664.129395 6188.000000
2665.012939 7067.000000
2665.895996 7792.000000
2666.778320 7646.000000
2667.660156 6222.000000
2668.541260 6569.000000
2669.422607 6086.000000
2670.302490 6568.000000
2671.182617 7357.000000
2672.062012 7177.000000
2672.941406 6382.000000
2673.820068 6133.000000
2674.697021 6485.000000
2675.574707 6779.000000
2676.451660 6398.000000
2677.327881 8136.000000
2678.203613 7206.000000
2679.078613 6251.000000
2679.953857 7714.000000
2680.828125 6989.000000
2681.701904 7320.000000
2682.574951 6980.000000
2683.447754 6230.000000
2684.320313 6044.000000
2685.192139 6910.000000
2686.063232 6561.000000
2686.934082 6868.000000
2687.804443 7085.000000
2688.674561 6696.000000
2689.542969 6245.000000
2690.412109 7391.000000
2691.280518 7101.000000
2692.148682 6670.000000
2693.016113 6957.000000
2693.882324 5843.000000
2694.749023 7127.000000
2695.614746 7435.000000
2696.480469 7169.000000
2697.344727 7907.000000
2698.209717 6578.000000
2699.073242 7258.000000
2699.937012 5826.000000
2700.799316 7450.000000
2701.662109 6791.000000
2702.523926 5916.000000
2703.385254 6865.000000
2704.246582 6780.000000
2705.106689 7413.000000
2705.966797 7358.000000
2706.826416 6625.000000
2707.685791 6843.000000
2708.543457 7113.000000
2709.401367 6847.000000
2710.259766 7268.000000
2711.116943 6735.000000
2711.973389 5939.000000
2712.829346 6846.000000
2713.685303 6006.000000
2714.540527 6909.000000
2715.395020 6098.000000
2716.249023 6814.000000
2717.103027 7333.000000
2717.956055 6220.000000
2718.809326 6530.000000
2719.660889 7752.000000
2720.512939 6709.000000
2721.364746 6315.000000
2722.215332 6473.000000
2723.065918 6385.000000
2723.916016 7076.000000
2724.765381 6995.000000
2725.614746 6986.000000
2726.462891 6658.000000
2727.310547 6574.000000
2728.158691 7048.000000
2729.005615 6858.000000
2729.853027 5548.000000
2730.698975 7420.000000
2731.544189 6937.000000
2732.389893 6404.000000
2733.234619 6984.000000
2734.079346 7324.000000
2734.922852 6913.000000
2735.766602 7762.000000
2736.609619 7133.000000
2737.452148 6056.000000
2738.293701 6196.000000
2739.135742 6814.000000
2739.976807 6945.000000
2740.817627 5775.000000
2741.658203 5884.000000
2742.497559 7801.000000
2743.336914 6797.000000
2744.176270 6894.000000
2745.014404 6750.000000
2745.852051 7897.000000
2746.689697 6295.000000
2747.526855 7111.000000
2748.363770 6168.000000
2749.200195 5984.000000
2750.035400 6634.000000
2750.870850 6247.000000
2751.705811 6303.000000
2752.540039 6212.000000
2753.374023 6872.000000
2754.207520 6860.000000
2755.041016 8023.000000
2755.873535 6782.000000
2756.705566 7281.000000
2757.537109 6777.000000
2758.368652 7085.000000
2759.199219 7198.000000
2760.030029 7236.000000
2760.859619 7323.000000
2761.689209 6602.000000
2762.518555 7227.000000
2763.347168 6909.000000
2764.175293 6768.000000
2765.002930 6782.000000
2765.830566 6600.000000
2766.657715 7950.000000
2767.484131 5826.000000
2768.310059 7508.000000
2769.135498 6869.000000
2769.960693 7793.000000
2770.785889 7137.000000
2771.609863 6749.000000
2772.433838 6545.000000
2773.257813 7598.000000
2774.080566 6642.000000
2774.903564 6938.000000
2775.725342 6906.000000
2776.547119 6995.000000
2777.368896 6424.000000
2778.189697 7980.000000
2779.009766 6573.000000
2779.830078 7029.000000
2780.649902 7299.000000
2781.469727 6433.000000
2782.287598 5980.000000
2783.106689 8003.000000
2783.924561 6503.000000
2784.742188 6679.000000
2785.559326 7106.000000
2786.375977 7256.000000
2787.192383 7202.000000
2788.008301 6267.000000
2788.823975 5899.000000
2789.638672 6328.000000
2790.453857 6945.000000
2791.268311 7157.000000
2792.082275 6578.000000
2792.895996 7431.000000
2793.708496 8840.000000
2794.521240 6883.000000
2795.333496 7350.000000
2796.145264 7189.000000
2796.956299 7299.000000
2797.768066 6481.000000
2798.578613 7242.000000
2799.389160 7053.000000
2800.198242 7447.000000
2801.008057 8154.000000
2801.817139 7887.000000
2802.625977 6656.000000
2803.434326 7130.000000
2804.241699 6151.000000
2805.049561 6464.000000
2805.856689 6963.000000
2806.663574 7008.000000
2807.469238 7233.000000
2808.275391 6671.000000
2809.080811 6492.000000
2809.886230 7282.000000
2810.690918 6201.000000
2811.494629 7678.000000
2812.298828 7463.000000
2813.102539 6277.000000
2813.906006 6109.000000
2814.708008 6579.000000
2815.510742 7376.000000
2816.312744 7831.000000
2817.114502 6123.000000
2817.915771 6542.000000
2818.716553 7218.000000
2819.516846 6509.000000
2820.317383 6686.000000
2821.116943 8023.000000
2821.916016 7169.000000
2822.715088 6525.000000
2823.513916 6814.000000
2824.312256 6337.000000
2825.109619 7002.000000
2825.907227 7386.000000
2826.704102 6650.000000
2827.501221 7352.000000
2828.297607 8022.000000
2829.093262 7173.000000
2829.888916 7329.000000
2830.684326 7592.000000
2831.479248 7408.000000
2832.273438 6677.000000
2833.067627 6814.000000
2833.861572 5638.000000
2834.655029 6861.000000
2835.447754 7149.000000
2836.240234 8178.000000
2837.032715 7689.000000
2837.824951 7480.000000
2838.616699 6419.000000
2839.407471 6847.000000
2840.198242 8837.000000
2840.989258 7419.000000
2841.779297 6237.000000
2842.568848 7607.000000
2843.358643 7146.000000
2844.147461 7311.000000
2844.936279 7802.000000
2845.725098 7679.000000
2846.512939 7586.000000
2847.300293 7201.000000
2848.087891 7566.000000
2848.875000 7372.000000
2849.661377 6643.000000
2850.447754 7441.000000
2851.233887 7171.000000
2852.019531 7513.000000
2852.804199 7188.000000
2853.589355 6902.000000
2854.374268 7455.000000
2855.158447 7158.000000
2855.942627 6987.000000
2856.725586 8221.000000
2857.508789 6853.000000
2858.291748 6763.000000
2859.074219 7769.000000
2859.856445 6295.000000
2860.638184 6619.000000
2861.419678 7603.000000
2862.201416 7463.000000
2862.982422 7686.000000
2863.762695 6535.000000
2864.542725 6822.000000
2865.322754 8178.000000
2866.102539 7430.000000
2866.881348 8108.000000
2867.660400 7695.000000
2868.438965 6785.000000
2869.217285 7020.000000
2869.995117 7237.000000
2870.772705 6913.000000
2871.550049 7438.000000
2872.327148 6934.000000
2873.103760 6440.000000
2873.879883 7478.000000
2874.656006 7143.000000
2875.431641 8288.000000
2876.207031 7288.000000
2876.981934 6629.000000
2877.756592 8064.000000
2878.531250 6614.000000
2879.305664 7805.000000
2880.079346 6840.000000
2880.852295 7186.000000
2881.625977 6717.000000
2882.398682 7673.000000
2883.171387 7862.000000
2883.943359 8188.000000
2884.715088 6160.000000
2885.487305 6747.000000
2886.258301 6959.000000
2887.028809 6116.000000
2887.799805 8321.000000
2888.570801 7364.000000
2889.341064 7970.000000
2890.110352 7671.000000
2890.879883 6981.000000
2891.649414 7195.000000
2892.418457 7360.000000
2893.187012 7924.000000
2893.955566 7719.000000
2894.723145 7011.000000
2895.491211 6547.000000
2896.258789 7417.000000
2897.026367 8400.000000
2897.792725 7318.000000
2898.560059 6495.000000
2899.326172 7179.000000
2900.092529 7035.000000
2900.857422 8321.000000
2901.622803 7041.000000
2902.388672 6430.000000
2903.153076 7718.000000
2903.917480 7758.000000
2904.682129 8474.000000
2905.445801 6582.000000
2906.210205 8477.000000
2906.973877 6732.000000
2907.736816 8389.000000
2908.499512 6588.000000
2909.262695 9124.000000
2910.025391 6955.000000
2910.786865 6756.000000
2911.548828 6756.000000
